1782360613.895077 3.165454 3.656282 1.333704 0.227276 0.793986 -0.546089 -0.140422
1782360613.929306 3.164042 3.653142 1.337743 0.227845 0.794185 -0.545949 -0.138908
1782360613.963801 3.165054 3.650114 1.341357 0.228833 0.792613 -0.547855 -0.138762
1782360613.995845 3.167212 3.646611 1.345108 0.229747 0.790691 -0.550016 -0.139667
1782360614.027893 3.168688 3.645905 1.346106 0.230167 0.788524 -0.552666 -0.140756
1782360614.061430 3.170062 3.645823 1.345506 0.230177 0.786448 -0.555221 -0.142293
1782360614.094652 3.170168 3.645787 1.346339 0.230650 0.785639 -0.555947 -0.143161
1782360614.129306 3.169208 3.645592 1.345035 0.230804 0.784919 -0.556483 -0.144768
1782360614.162663 3.128239 3.671816 1.351405 0.225934 0.787469 -0.556121 -0.139911
1782360614.195824 3.129469 3.668598 1.352621 0.227265 0.788074 -0.554633 -0.140258
1782360614.227955 3.126489 3.671177 1.352195 0.227978 0.786657 -0.555912 -0.141984
1782360614.262452 3.126211 3.667876 1.355594 0.228949 0.786293 -0.555734 -0.143130
1782360614.295086 3.127465 3.667583 1.356483 0.229493 0.785349 -0.556445 -0.144671
1782360614.328868 3.127902 3.667705 1.354847 0.228907 0.784853 -0.556921 -0.146444
1782360614.362979 3.126891 3.668317 1.354882 0.228858 0.784594 -0.557095 -0.147247
1782360614.394425 3.128875 3.666114 1.357082 0.229033 0.783970 -0.557563 -0.148521
1782360614.427701 3.127316 3.665403 1.360576 0.228898 0.782893 -0.559034 -0.148883
1782360614.461007 3.126852 3.666124 1.361943 0.228347 0.781576 -0.560839 -0.149855
1782360614.495112 3.137370 3.661465 1.362243 0.229736 0.779280 -0.562796 -0.152332
1782360614.527685 3.134599 3.662765 1.367262 0.229406 0.778381 -0.564221 -0.152152
1782360614.562120 3.140716 3.659621 1.366469 0.229311 0.776754 -0.566007 -0.153969
1782360614.595660 3.139947 3.659724 1.368060 0.229142 0.776067 -0.566899 -0.154400
1782360614.627679 3.140267 3.661135 1.369030 0.229252 0.775442 -0.567638 -0.154660
1782360614.661955 3.139246 3.661963 1.369258 0.229928 0.774506 -0.568581 -0.154886
1782360614.695023 3.138282 3.663733 1.368537 0.229842 0.774228 -0.568861 -0.155372
1782360614.727693 3.139187 3.665231 1.366210 0.230300 0.773994 -0.568730 -0.156337
1782360614.761830 3.139632 3.665876 1.364772 0.231557 0.774005 -0.567820 -0.157731
1782360614.794474 3.137198 3.669360 1.361694 0.232051 0.774251 -0.567067 -0.158500
1782360614.827739 3.144239 3.664570 1.356748 0.233982 0.774217 -0.565469 -0.161512
1782360614.862541 3.147273 3.663502 1.350160 0.235248 0.774560 -0.563976 -0.163235
1782360614.895250 3.144861 3.662215 1.352693 0.238094 0.775859 -0.561136 -0.162730
1782360614.928388 3.145376 3.661907 1.350725 0.240280 0.776497 -0.559294 -0.162816
1782360614.962006 3.145173 3.661630 1.347538 0.241688 0.776903 -0.558080 -0.162957
1782360614.995147 3.145027 3.658824 1.349848 0.243503 0.777887 -0.556047 -0.162510
1782360615.028588 3.147288 3.655938 1.347910 0.244950 0.777977 -0.555055 -0.163296
1782360615.061099 3.147737 3.654120 1.347831 0.246015 0.778340 -0.554001 -0.163544
1782360615.095154 3.151024 3.651003 1.347603 0.247719 0.778475 -0.552980 -0.163783
1782360615.127767 3.151717 3.651769 1.343847 0.248778 0.778505 -0.552558 -0.163460
1782360615.161044 3.163823 3.637093 1.344559 0.254102 0.778481 -0.549553 -0.165501
1782360615.194449 3.165689 3.633318 1.343814 0.257232 0.778952 -0.547068 -0.166681
1782360615.227697 3.168204 3.629187 1.340508 0.260181 0.779106 -0.544718 -0.169063
1782360615.261148 3.172253 3.623448 1.337340 0.263741 0.779371 -0.541696 -0.172010
1782360615.294833 3.174145 3.619609 1.332167 0.266777 0.779505 -0.538873 -0.175553
1782360615.328397 3.179824 3.612175 1.328038 0.271568 0.779289 -0.535502 -0.179432
1782360615.361808 3.179031 3.607299 1.324787 0.276413 0.779505 -0.531834 -0.181990
1782360615.395551 3.183134 3.602547 1.318301 0.281693 0.779182 -0.528429 -0.185171
1782360615.428591 3.181504 3.598003 1.315409 0.287112 0.779548 -0.524172 -0.187389
1782360615.461145 3.182046 3.589547 1.313460 0.292726 0.779718 -0.519770 -0.190238
1782360615.494455 3.216138 3.555705 1.307617 0.304593 0.776207 -0.515518 -0.197400
1782360615.527805 3.217016 3.549959 1.301981 0.308517 0.776049 -0.512738 -0.199158
1782360615.561789 3.213298 3.546754 1.301571 0.311250 0.777201 -0.509532 -0.198640
1782360615.595564 3.209737 3.542435 1.302364 0.312405 0.778007 -0.507628 -0.198551
1782360615.628676 3.207590 3.535057 1.304029 0.312958 0.777776 -0.507600 -0.198656
1782360615.661942 3.200783 3.528971 1.312833 0.313818 0.777310 -0.508334 -0.197243
1782360615.697970 3.196382 3.524511 1.312631 0.312902 0.774943 -0.512065 -0.198357
1782360615.727685 3.192306 3.520787 1.313771 0.312423 0.772534 -0.515793 -0.198848
1782360615.762264 3.188293 3.517279 1.312575 0.312645 0.770549 -0.518738 -0.198539
1782360615.795386 3.185838 3.516622 1.307341 0.312816 0.769478 -0.520307 -0.198319
1782360615.827883 3.173097 3.516463 1.308422 0.313309 0.770353 -0.519607 -0.195962
1782360615.861052 3.169797 3.512286 1.306032 0.314054 0.770707 -0.518629 -0.195971
1782360615.894465 3.165190 3.508070 1.305353 0.316196 0.770544 -0.517127 -0.197132
1782360615.927753 3.158639 3.506070 1.308441 0.319031 0.770398 -0.515376 -0.197720
1782360615.961040 3.154254 3.502870 1.305333 0.321418 0.769075 -0.514794 -0.200502
1782360615.994753 3.150202 3.500684 1.303615 0.324814 0.768333 -0.513421 -0.201394
1782360616.029035 3.148412 3.494020 1.299039 0.328561 0.768522 -0.510211 -0.202746
1782360616.061535 3.141362 3.489703 1.300372 0.331920 0.770065 -0.505431 -0.203395
1782360616.094499 3.136589 3.484386 1.296371 0.335627 0.769317 -0.502532 -0.207285
1782360616.127759 3.133250 3.479472 1.295415 0.340141 0.768620 -0.498974 -0.211075
1782360616.161323 3.134976 3.461171 1.293277 0.348416 0.765944 -0.495265 -0.215983
1782360616.196846 3.130301 3.452583 1.291143 0.352904 0.765458 -0.491355 -0.219324
1782360616.227815 3.123684 3.441219 1.290748 0.357705 0.764632 -0.487702 -0.222559
1782360616.261145 3.118518 3.434093 1.288740 0.361566 0.762956 -0.485623 -0.226580
1782360616.294496 3.112987 3.423634 1.286399 0.367005 0.760237 -0.483479 -0.231507
1782360616.327677 3.106925 3.412728 1.282774 0.372914 0.757338 -0.480772 -0.237134
1782360616.361434 3.101196 3.401363 1.280745 0.380099 0.754077 -0.477328 -0.243004
1782360616.394433 3.094840 3.385069 1.280825 0.388168 0.750276 -0.473758 -0.248927
1782360616.427712 3.092719 3.367465 1.275762 0.395540 0.746003 -0.471417 -0.254545
1782360616.462086 3.090590 3.349988 1.269039 0.402832 0.743711 -0.467710 -0.256649
1782360616.495082 3.094558 3.327590 1.263684 0.408981 0.741723 -0.463950 -0.259482
1782360616.528404 3.086749 3.314203 1.265475 0.415247 0.738807 -0.462254 -0.260874
1782360616.562841 3.083733 3.298739 1.263151 0.421454 0.735330 -0.460689 -0.263498
1782360616.596230 3.076135 3.282356 1.265359 0.428628 0.732375 -0.458205 -0.264487
1782360616.629934 3.071366 3.267453 1.268116 0.434963 0.728844 -0.457024 -0.265937
1782360616.662889 3.062902 3.253495 1.271146 0.440899 0.725063 -0.456123 -0.268035
1782360616.696030 3.058177 3.242511 1.272594 0.446452 0.721182 -0.454891 -0.271387
1782360616.729690 3.053676 3.234901 1.273183 0.451721 0.716296 -0.454690 -0.275907
1782360616.762868 3.048500 3.224208 1.273877 0.457094 0.711076 -0.453590 -0.282296
1782360616.797094 3.046797 3.207773 1.270788 0.464161 0.705273 -0.450911 -0.289524
1782360616.828562 3.051086 3.187802 1.260366 0.467664 0.701856 -0.447214 -0.297806
1782360616.863281 3.044804 3.176360 1.261075 0.473634 0.699193 -0.442677 -0.301394
1782360616.894806 3.038208 3.170484 1.262891 0.477760 0.696697 -0.439547 -0.305216
1782360616.928033 3.030507 3.162830 1.263918 0.482412 0.692750 -0.437497 -0.309795
1782360616.961377 3.022098 3.158383 1.266549 0.486149 0.689324 -0.436578 -0.312875
1782360616.994771 3.014430 3.148705 1.266694 0.489305 0.685138 -0.436186 -0.317662
1782360617.028688 3.006215 3.140104 1.267836 0.491488 0.681481 -0.436546 -0.321637
1782360617.061106 2.997085 3.136275 1.268153 0.492015 0.678308 -0.439043 -0.324131
1782360617.094935 2.988159 3.128843 1.267472 0.492955 0.674964 -0.441237 -0.326695
1782360617.128833 2.977192 3.122041 1.269417 0.495206 0.671802 -0.442579 -0.327990
1782360617.161027 2.970729 3.121793 1.271404 0.493118 0.671422 -0.444785 -0.328926
1782360617.194403 2.958015 3.113564 1.275464 0.494482 0.668050 -0.446275 -0.331715
1782360617.228934 2.949221 3.104750 1.276614 0.495050 0.663519 -0.449068 -0.336164
1782360617.261618 2.936019 3.097249 1.278474 0.494808 0.659495 -0.452008 -0.340470
1782360617.294433 2.923523 3.089349 1.280124 0.494974 0.655149 -0.455414 -0.344062
1782360617.327730 2.910400 3.078881 1.281948 0.495099 0.650871 -0.458756 -0.347543
1782360617.361808 2.896331 3.072634 1.280855 0.494645 0.646682 -0.463691 -0.349456
1782360617.394548 2.884264 3.064662 1.278110 0.495081 0.643342 -0.467470 -0.349968
1782360617.428062 2.871724 3.053870 1.274843 0.496259 0.641878 -0.469231 -0.348629
1782360617.461568 2.855189 3.047817 1.278528 0.498544 0.642522 -0.468897 -0.344608
1782360617.494998 2.836828 3.042166 1.289098 0.502542 0.642618 -0.468044 -0.339748
1782360617.528464 2.821781 3.035821 1.300622 0.504531 0.639706 -0.469805 -0.339866
1782360617.561025 2.811836 3.026843 1.299434 0.503868 0.634825 -0.473280 -0.345138
1782360617.594581 2.801594 3.014421 1.297843 0.503002 0.633034 -0.473476 -0.349395
1782360617.628651 2.791504 3.002615 1.297507 0.502996 0.633793 -0.471097 -0.351239
1782360617.661625 2.779226 2.993246 1.303663 0.503589 0.635722 -0.466478 -0.353065
1782360617.695022 2.769252 2.981652 1.309001 0.504996 0.635467 -0.461816 -0.357613
1782360617.728772 2.761256 2.969269 1.310519 0.506922 0.632939 -0.458603 -0.363457
1782360617.761482 2.750753 2.955409 1.313019 0.510152 0.629476 -0.456043 -0.368143
1782360617.795007 2.741220 2.943503 1.315840 0.514409 0.624807 -0.454962 -0.371496
1782360617.828078 2.733126 2.938166 1.309418 0.516248 0.619775 -0.456507 -0.375457
1782360617.861054 2.722830 2.925203 1.310123 0.519953 0.614589 -0.456163 -0.379268
1782360617.895091 2.714088 2.907216 1.313352 0.523408 0.609901 -0.454463 -0.384095
1782360617.927971 2.707976 2.893308 1.312081 0.525304 0.605035 -0.454589 -0.389021
1782360617.961009 2.700988 2.866205 1.322715 0.528640 0.599597 -0.452903 -0.394845
1782360617.994400 2.694093 2.847690 1.326705 0.530199 0.593091 -0.454285 -0.400946
1782360618.029040 2.689883 2.829188 1.324369 0.531147 0.585743 -0.456977 -0.407383
1782360618.062637 2.685002 2.808535 1.322386 0.534048 0.580043 -0.457113 -0.411571
1782360618.095679 2.677206 2.792810 1.327365 0.539499 0.574335 -0.457952 -0.411535
1782360618.129028 2.672655 2.772927 1.326598 0.543975 0.567821 -0.458524 -0.414036
1782360618.165057 2.668746 2.767490 1.328415 0.546714 0.565202 -0.459762 -0.412638
1782360618.195229 2.662604 2.754196 1.325542 0.549882 0.560877 -0.460793 -0.413179
1782360618.227755 2.655167 2.740537 1.331657 0.553357 0.558352 -0.459319 -0.413601
1782360618.261020 2.649151 2.727241 1.333323 0.556886 0.555430 -0.456835 -0.415543
1782360618.294415 2.643863 2.713822 1.331480 0.560865 0.550203 -0.454479 -0.419709
1782360618.328541 2.637513 2.699270 1.333092 0.565492 0.544598 -0.451408 -0.424102
1782360618.361629 2.630596 2.690411 1.334450 0.570423 0.539666 -0.448387 -0.426999
1782360618.395241 2.621941 2.677852 1.336581 0.575308 0.534639 -0.444590 -0.430722
1782360618.428613 2.613894 2.670862 1.339664 0.578511 0.529846 -0.442033 -0.434966
1782360618.461788 2.597199 2.653325 1.342690 0.582721 0.519014 -0.437048 -0.447269
1782360618.495631 2.593168 2.648697 1.344392 0.583502 0.513401 -0.436389 -0.453331
1782360618.528607 2.585083 2.641016 1.344407 0.584778 0.506225 -0.437067 -0.459068
1782360618.563479 2.576105 2.632588 1.342084 0.584859 0.499118 -0.438629 -0.465217
1782360618.594948 2.566349 2.628200 1.345929 0.584915 0.492632 -0.441496 -0.469329
1782360618.629650 2.557954 2.625287 1.348603 0.584817 0.486529 -0.444911 -0.472581
1782360618.661098 2.548540 2.620178 1.350642 0.585027 0.482164 -0.446807 -0.475000
1782360618.694503 2.538725 2.614863 1.352674 0.585314 0.478753 -0.448561 -0.476442
1782360618.727724 2.529231 2.611775 1.354214 0.584803 0.475703 -0.451033 -0.477787
1782360618.761636 2.519904 2.607889 1.357251 0.584557 0.472137 -0.453858 -0.478950
1782360618.795562 2.511588 2.602663 1.357118 0.583919 0.468017 -0.457019 -0.480762
1782360618.828150 2.502205 2.601809 1.354167 0.576161 0.473258 -0.448407 -0.492948
1782360618.861566 2.493306 2.595005 1.355709 0.574735 0.468274 -0.449498 -0.498348
1782360618.894612 2.485914 2.588678 1.361449 0.575008 0.464680 -0.448529 -0.502255
1782360618.927658 2.478396 2.581442 1.366271 0.577070 0.463457 -0.443925 -0.505102
1782360618.961677 2.470877 2.572780 1.366465 0.579541 0.462611 -0.436042 -0.509893
1782360618.994323 2.462831 2.562826 1.365535 0.582383 0.459415 -0.428172 -0.516175
1782360619.027602 2.454684 2.551126 1.366740 0.585736 0.452892 -0.422318 -0.522924
1782360619.060997 2.447631 2.539015 1.367081 0.588496 0.444686 -0.418129 -0.530184
1782360619.094315 2.440302 2.525804 1.368116 0.591153 0.434970 -0.414389 -0.538165
1782360619.127622 2.433958 2.515181 1.367003 0.593560 0.423612 -0.412207 -0.546191
1782360619.160968 2.436521 2.519225 1.393921 0.596003 0.417927 -0.407760 -0.551225
1782360619.196898 2.432489 2.505578 1.399317 0.598625 0.407368 -0.404985 -0.558289
1782360619.227621 2.427708 2.491907 1.404237 0.602624 0.399751 -0.399977 -0.563083
1782360619.260960 2.422788 2.477992 1.407492 0.608007 0.391938 -0.394069 -0.566940
1782360619.294276 2.417271 2.464692 1.409657 0.613014 0.384306 -0.387916 -0.571002
1782360619.327583 2.413461 2.451619 1.412562 0.616614 0.375585 -0.383585 -0.575835
1782360619.360963 2.410355 2.439306 1.415214 0.618708 0.366612 -0.382094 -0.580345
1782360619.394334 2.407377 2.426028 1.421068 0.620418 0.360371 -0.379726 -0.583972
1782360619.427593 2.406292 2.414998 1.423617 0.622255 0.355337 -0.377504 -0.586537
1782360619.460938 2.404356 2.403304 1.424438 0.624577 0.351462 -0.374290 -0.588460
1782360619.494319 2.413763 2.422304 1.433567 0.627968 0.351469 -0.376314 -0.583535
1782360619.527590 2.410157 2.399384 1.436520 0.636438 0.342415 -0.368143 -0.584952
1782360619.560930 2.411280 2.393029 1.436518 0.639373 0.338713 -0.365227 -0.585734
1782360619.594322 2.412069 2.385305 1.437990 0.641198 0.335891 -0.361584 -0.587622
1782360619.627699 2.413080 2.378722 1.439362 0.641581 0.333248 -0.358836 -0.590387
1782360619.660943 2.415102 2.371974 1.438379 0.641110 0.331036 -0.356273 -0.593685
1782360619.694474 2.416361 2.364819 1.440130 0.641522 0.329021 -0.352989 -0.596316
1782360619.727653 2.420175 2.362303 1.440260 0.641349 0.327557 -0.350993 -0.598482
1782360619.763499 2.422480 2.355952 1.443176 0.641314 0.325283 -0.349053 -0.600891
1782360619.794282 2.426669 2.352510 1.443549 0.639989 0.322341 -0.348712 -0.604078
1782360619.827619 2.435742 2.363547 1.446519 0.637134 0.323889 -0.349884 -0.605589
1782360619.860958 2.440332 2.361579 1.445468 0.636124 0.320688 -0.349994 -0.608284
1782360619.894310 2.443762 2.356381 1.448677 0.636693 0.317036 -0.348091 -0.610690
1782360619.927598 2.446819 2.350143 1.449369 0.637510 0.312797 -0.345078 -0.613727
1782360619.962729 2.450106 2.344516 1.449761 0.638111 0.308214 -0.342377 -0.616925
1782360619.997805 2.454563 2.340883 1.453220 0.638084 0.304429 -0.340503 -0.619862
1782360620.032251 2.459137 2.335067 1.456529 0.637563 0.300034 -0.339158 -0.623269
1782360620.063874 2.464783 2.329686 1.456864 0.636545 0.295908 -0.337423 -0.627212
1782360620.098967 2.470447 2.323615 1.455139 0.636043 0.291607 -0.334750 -0.631156
1782360620.127808 2.475260 2.315902 1.454212 0.636729 0.287174 -0.331381 -0.634267
1782360620.162709 2.484362 2.327374 1.455575 0.638073 0.285120 -0.329502 -0.634822
1782360620.199031 2.488822 2.323571 1.451943 0.639787 0.281367 -0.326911 -0.636109
1782360620.229121 2.493907 2.316926 1.450230 0.641538 0.278248 -0.324004 -0.637204
1782360620.262069 2.497946 2.308862 1.450300 0.644613 0.274642 -0.321568 -0.636898
1782360620.296638 2.504194 2.305451 1.450592 0.647680 0.272669 -0.319899 -0.635473
1782360620.328488 2.509325 2.299071 1.442257 0.649990 0.270699 -0.318805 -0.634506
1782360620.361784 2.517725 2.298201 1.437957 0.653342 0.270294 -0.318951 -0.631154
1782360620.394363 2.513691 2.283806 1.437440 0.659515 0.268709 -0.316196 -0.626782
1782360620.427669 2.517752 2.281036 1.428771 0.664615 0.268669 -0.315207 -0.621891
1782360620.461588 2.523063 2.278452 1.421588 0.670559 0.269418 -0.312643 -0.616457
1782360620.495453 2.536903 2.287836 1.435181 0.678611 0.273654 -0.310187 -0.606946
1782360620.531008 2.539213 2.283011 1.430989 0.684375 0.273341 -0.307499 -0.601963
1782360620.561003 2.544164 2.276524 1.428088 0.690375 0.272459 -0.305426 -0.596542
1782360620.596836 2.548609 2.272839 1.425781 0.695527 0.271636 -0.303571 -0.591863
1782360620.630696 2.553055 2.265731 1.422101 0.700021 0.269415 -0.302266 -0.588235
1782360620.661657 2.560936 2.264846 1.419937 0.703124 0.268326 -0.302471 -0.584918
1782360620.697681 2.563563 2.255785 1.414256 0.706121 0.265527 -0.301502 -0.583083
1782360620.728004 2.569844 2.251243 1.411761 0.709587 0.264796 -0.300583 -0.579672
1782360620.762675 2.574888 2.246731 1.407129 0.713566 0.264764 -0.297794 -0.576231
1782360620.795626 2.579801 2.242359 1.400581 0.717863 0.265489 -0.293256 -0.572878
1782360620.829304 2.571387 2.232337 1.395788 0.723497 0.264775 -0.286755 -0.569401
1782360620.862004 2.573358 2.227875 1.388976 0.728534 0.265428 -0.281479 -0.565293
1782360620.895466 2.574684 2.223654 1.382518 0.733711 0.265840 -0.277155 -0.560520
1782360620.928821 2.574385 2.220707 1.380110 0.739139 0.266596 -0.272608 -0.555234
1782360620.962219 2.574604 2.213697 1.374572 0.743866 0.266377 -0.269620 -0.550465
1782360620.995831 2.577036 2.211167 1.370947 0.748466 0.267324 -0.267655 -0.544699
1782360621.027613 2.578696 2.208123 1.366837 0.752541 0.267503 -0.266342 -0.539618
1782360621.063204 2.579731 2.203862 1.361749 0.756179 0.267147 -0.264924 -0.535389
1782360621.095682 2.579469 2.199950 1.356959 0.759523 0.267476 -0.262443 -0.531700
1782360621.129304 2.579497 2.197101 1.354926 0.762966 0.267413 -0.260281 -0.527851
1782360621.162243 2.577391 2.195578 1.345576 0.765046 0.268149 -0.256885 -0.526128
1782360621.195884 2.576285 2.192295 1.341137 0.768201 0.268904 -0.253627 -0.522716
1782360621.229526 2.576347 2.189416 1.338245 0.771653 0.269350 -0.250267 -0.519007
1782360621.261981 2.573874 2.187315 1.337609 0.775165 0.269323 -0.245866 -0.515883
1782360621.296099 2.571511 2.182533 1.333798 0.777531 0.267833 -0.241833 -0.515002
1782360621.327723 2.570203 2.178883 1.331706 0.779870 0.266069 -0.237753 -0.514280
1782360621.362692 2.567255 2.172533 1.329197 0.782161 0.263314 -0.233027 -0.514381
1782360621.395439 2.563796 2.166889 1.325239 0.784498 0.260576 -0.228035 -0.514454
1782360621.429047 2.560296 2.160227 1.321638 0.787356 0.257285 -0.223544 -0.513715
1782360621.461976 2.557244 2.151491 1.315954 0.790347 0.254010 -0.219220 -0.512615
1782360621.495804 2.547634 2.146199 1.313225 0.793956 0.250325 -0.214786 -0.510723
1782360621.528981 2.544721 2.139853 1.309280 0.796980 0.247057 -0.212770 -0.508443
1782360621.562421 2.540836 2.131491 1.306258 0.799711 0.243627 -0.210674 -0.506681
1782360621.596958 2.535373 2.123948 1.303341 0.802076 0.240614 -0.208205 -0.505400
1782360621.628770 2.529332 2.114394 1.299160 0.804352 0.237972 -0.205632 -0.504085
1782360621.662501 2.525603 2.105494 1.294138 0.807344 0.235868 -0.203342 -0.501213
1782360621.695858 2.521954 2.099724 1.292516 0.810595 0.234698 -0.201491 -0.497247
1782360621.729041 2.510912 2.084070 1.287549 0.816047 0.230211 -0.194891 -0.493040
1782360621.762248 2.507595 2.076950 1.284557 0.818466 0.228234 -0.191579 -0.491244
1782360621.795842 2.501043 2.069443 1.282303 0.820840 0.225369 -0.187618 -0.490133
1782360621.829036 2.490327 2.059992 1.280150 0.823306 0.221212 -0.182415 -0.489854
1782360621.862271 2.488898 2.054949 1.278705 0.824833 0.219889 -0.179229 -0.489057
1782360621.895442 2.485411 2.048020 1.275002 0.825906 0.217319 -0.175819 -0.489633
1782360621.928670 2.481232 2.040992 1.271949 0.827352 0.213648 -0.172126 -0.490117
1782360621.962262 2.478252 2.033925 1.268388 0.828929 0.209813 -0.169050 -0.490182
1782360621.995664 2.477331 2.028043 1.264920 0.830710 0.205974 -0.167484 -0.489330
1782360622.029053 2.474364 2.022222 1.262816 0.832887 0.201662 -0.166082 -0.487903
1782360622.062270 2.472423 2.018074 1.259524 0.834467 0.198199 -0.165073 -0.486962
1782360622.095667 2.471222 2.014395 1.260056 0.836438 0.194567 -0.163873 -0.485449
1782360622.129069 2.469184 2.009521 1.257616 0.837584 0.190519 -0.163341 -0.485258
1782360622.162467 2.459768 2.002366 1.254627 0.838777 0.186136 -0.159844 -0.486062
1782360622.195676 2.459942 2.001124 1.256518 0.839934 0.183494 -0.159898 -0.485051
1782360622.228835 2.457922 1.998683 1.258367 0.840496 0.181223 -0.158678 -0.485330
1782360622.262458 2.458128 1.997874 1.259953 0.840314 0.179147 -0.157927 -0.486659
1782360622.295909 2.459291 1.996694 1.262501 0.839885 0.176833 -0.156918 -0.488570
1782360622.328822 2.458554 1.995368 1.264308 0.839275 0.174205 -0.155125 -0.491127
1782360622.361993 2.460306 1.995628 1.265504 0.838526 0.171410 -0.153411 -0.493921
1782360622.395897 2.461787 1.996350 1.266755 0.837870 0.168127 -0.151118 -0.496861
1782360622.428859 2.464558 1.997007 1.269205 0.837307 0.164742 -0.148398 -0.499754
1782360622.462512 2.465489 1.997134 1.269681 0.836612 0.160785 -0.145728 -0.502983
1782360622.495697 2.465359 1.997179 1.273656 0.836776 0.157203 -0.141778 -0.504967
1782360622.527699 2.467134 1.999080 1.275528 0.836420 0.153268 -0.138625 -0.507635
1782360622.562455 2.468121 1.998993 1.275196 0.835804 0.148628 -0.135100 -0.510969
1782360622.594306 2.471074 2.001648 1.276596 0.835524 0.145056 -0.131878 -0.513290
1782360622.628402 2.474766 2.003839 1.277477 0.835275 0.140744 -0.128737 -0.515687
1782360622.660986 2.475270 2.005218 1.278434 0.835207 0.135946 -0.124091 -0.518217
1782360622.694958 2.479617 2.009566 1.279343 0.835212 0.131835 -0.120176 -0.520190
1782360622.727715 2.484334 2.013082 1.279874 0.835332 0.127093 -0.116735 -0.521958
1782360622.764763 2.486624 2.016724 1.281695 0.835603 0.122148 -0.112706 -0.523589
1782360622.795850 2.489356 2.019223 1.282094 0.835445 0.117259 -0.109682 -0.525597
1782360622.830736 2.496249 2.023528 1.284054 0.835366 0.114846 -0.107708 -0.526662
1782360622.864304 2.495233 2.028651 1.285896 0.835067 0.111114 -0.103997 -0.528680
1782360622.897404 2.497928 2.030920 1.284357 0.834381 0.107793 -0.101518 -0.530926
1782360622.930893 2.502366 2.035507 1.285724 0.834246 0.105471 -0.100246 -0.531846
1782360622.963972 2.506551 2.039963 1.287720 0.833886 0.103339 -0.099642 -0.532941
1782360622.997305 2.510464 2.044889 1.289398 0.832735 0.101801 -0.099835 -0.534998
1782360623.027683 2.514863 2.049028 1.290748 0.831221 0.100741 -0.100692 -0.537386
1782360623.063738 2.519583 2.053460 1.291084 0.829726 0.100082 -0.101751 -0.539616
1782360623.097466 2.527166 2.058085 1.292077 0.828737 0.100345 -0.103170 -0.540816
1782360623.129104 2.533262 2.064334 1.293899 0.828177 0.099550 -0.104903 -0.541487
1782360623.162680 2.544967 2.066864 1.293720 0.826855 0.100516 -0.107557 -0.542806
1782360623.196481 2.549153 2.072515 1.296104 0.826205 0.099973 -0.109986 -0.543410
1782360623.229405 2.558160 2.078844 1.298146 0.825397 0.101828 -0.113099 -0.543654
1782360623.262853 2.564009 2.085558 1.302050 0.824680 0.103568 -0.114335 -0.544154
1782360623.294350 2.570322 2.091803 1.304491 0.823102 0.106380 -0.114214 -0.546023
1782360623.330091 2.574736 2.097877 1.307255 0.821119 0.108240 -0.114155 -0.548650
1782360623.362743 2.579465 2.103389 1.310688 0.819070 0.110290 -0.114146 -0.551299
1782360623.396136 2.583922 2.108984 1.313866 0.816456 0.111403 -0.115217 -0.554719
1782360623.429549 2.589484 2.116223 1.316708 0.812769 0.113967 -0.116481 -0.559330
1782360623.462853 2.593044 2.119022 1.316484 0.808982 0.114977 -0.117668 -0.564342
1782360623.496356 2.597059 2.115772 1.313097 0.806158 0.116073 -0.118888 -0.567893
1782360623.529476 2.600512 2.119981 1.311829 0.804971 0.118612 -0.119955 -0.568827
1782360623.562731 2.601986 2.125531 1.312872 0.804853 0.120107 -0.120525 -0.568559
1782360623.596415 2.602388 2.131367 1.313613 0.804900 0.121100 -0.120784 -0.568227
1782360623.629589 2.603115 2.136292 1.313037 0.804897 0.121549 -0.120964 -0.568097
1782360623.662897 2.602254 2.144298 1.316246 0.804842 0.121884 -0.120570 -0.568187
1782360623.696276 2.597940 2.149849 1.317129 0.804064 0.121298 -0.119824 -0.569570
1782360623.729556 2.594949 2.155864 1.315772 0.803283 0.121675 -0.119172 -0.570727
1782360623.761790 2.593410 2.162687 1.315018 0.802890 0.122170 -0.118473 -0.571319
1782360623.795825 2.587182 2.170545 1.316269 0.802685 0.121620 -0.116864 -0.572056
1782360623.829667 2.578090 2.176733 1.319631 0.802939 0.120279 -0.114771 -0.572406
1782360623.862435 2.574443 2.181361 1.318336 0.801881 0.119257 -0.114824 -0.574091
1782360623.895468 2.569004 2.189704 1.318707 0.801098 0.118290 -0.115677 -0.575211
1782360623.929272 2.558601 2.196843 1.320350 0.800971 0.115882 -0.115737 -0.575866
1782360623.962906 2.552033 2.206271 1.320567 0.800642 0.115015 -0.116599 -0.576324
1782360623.995651 2.542645 2.213576 1.319055 0.800804 0.113065 -0.116570 -0.576489
1782360624.029728 2.534039 2.221913 1.318626 0.801496 0.110707 -0.116701 -0.575959
1782360624.062854 2.525142 2.233089 1.323076 0.802903 0.108414 -0.116453 -0.574484
1782360624.096198 2.514504 2.244232 1.327927 0.803265 0.105799 -0.115053 -0.574748
1782360624.129385 2.504242 2.253535 1.330785 0.802188 0.103084 -0.113511 -0.577048
1782360624.163005 2.493038 2.258467 1.331536 0.801144 0.100472 -0.111023 -0.579437
1782360624.196069 2.481953 2.266493 1.331852 0.800548 0.096803 -0.108768 -0.581311
1782360624.229856 2.473763 2.276100 1.330936 0.800511 0.093768 -0.105984 -0.582372
1782360624.261539 2.465772 2.284360 1.331609 0.801186 0.089547 -0.102998 -0.582643
1782360624.296721 2.457193 2.293899 1.334366 0.801849 0.084642 -0.100125 -0.582965
1782360624.329462 2.448867 2.301501 1.333872 0.802341 0.079643 -0.097017 -0.583519
1782360624.363077 2.445310 2.308115 1.329127 0.803529 0.075611 -0.094356 -0.582856
1782360624.396287 2.440566 2.317696 1.329135 0.807412 0.072387 -0.090846 -0.578440
1782360624.429648 2.431167 2.328200 1.333058 0.811233 0.067225 -0.085959 -0.574450
1782360624.463035 2.432350 2.337502 1.334762 0.812367 0.064958 -0.083732 -0.573437
1782360624.496519 2.427851 2.343382 1.332821 0.812193 0.062466 -0.080588 -0.574409
1782360624.529604 2.420640 2.351739 1.334155 0.812612 0.057553 -0.077694 -0.574728
1782360624.564827 2.423609 2.363055 1.332914 0.812146 0.055137 -0.076987 -0.575719
1782360624.596870 2.420117 2.370185 1.331626 0.812373 0.050863 -0.074978 -0.576057
1782360624.628079 2.414109 2.378947 1.331760 0.813354 0.046443 -0.072435 -0.575370
1782360624.664216 2.410842 2.389040 1.331047 0.814096 0.043646 -0.070708 -0.574755
1782360624.695006 2.408777 2.396742 1.331171 0.814544 0.041482 -0.069229 -0.574461
1782360624.730536 2.406388 2.405927 1.330420 0.814395 0.039898 -0.067449 -0.574995
1782360624.763703 2.404266 2.414412 1.329207 0.814609 0.038182 -0.065542 -0.575030
1782360624.795598 2.400712 2.425052 1.329189 0.815727 0.035698 -0.064119 -0.573762
1782360624.829984 2.403015 2.434936 1.328051 0.816818 0.033699 -0.063613 -0.572386
1782360624.863150 2.396998 2.449357 1.335117 0.818673 0.027968 -0.063524 -0.570050
1782360624.896314 2.402234 2.460546 1.337599 0.817517 0.024890 -0.066642 -0.571494
1782360624.929565 2.398540 2.470414 1.340160 0.815807 0.020087 -0.067751 -0.573991
1782360624.962670 2.396104 2.481271 1.341963 0.813997 0.016543 -0.067799 -0.576661
1782360624.995811 2.397295 2.489580 1.341104 0.812360 0.015376 -0.067124 -0.579076
1782360625.029024 2.392187 2.499100 1.339560 0.812264 0.013870 -0.064077 -0.579594
1782360625.062257 2.392419 2.507875 1.338311 0.813060 0.013339 -0.061042 -0.578817
1782360625.095492 2.387348 2.516944 1.338535 0.813685 0.011446 -0.057058 -0.578386
1782360625.128571 2.386443 2.525986 1.337443 0.813731 0.010019 -0.053623 -0.578677
1782360625.161741 2.408281 2.529694 1.334534 0.814160 0.013823 -0.052044 -0.578139
1782360625.194563 2.406718 2.538582 1.333151 0.815996 0.012048 -0.048302 -0.575909
1782360625.227651 2.401707 2.544490 1.331567 0.818253 0.008677 -0.044339 -0.573081
1782360625.261061 2.399768 2.549875 1.331590 0.820211 0.005236 -0.039919 -0.570643
1782360625.294405 2.394488 2.556983 1.333400 0.821965 0.001143 -0.035471 -0.568431
1782360625.327762 2.384252 2.563290 1.336186 0.823177 -0.005545 -0.029575 -0.566987
1782360625.361881 2.374161 2.567097 1.335476 0.823001 -0.013518 -0.023233 -0.567403
1782360625.396356 2.366513 2.572026 1.336625 0.822896 -0.020415 -0.016842 -0.567576
1782360625.429050 2.358011 2.576670 1.336825 0.822238 -0.028193 -0.010160 -0.568354
1782360625.462674 2.345299 2.577651 1.331655 0.822009 -0.037512 -0.003464 -0.568227
1782360625.495621 2.354717 2.572592 1.325683 0.824243 -0.039975 -0.000821 -0.564823
1782360625.529044 2.344249 2.576972 1.327202 0.827490 -0.049167 0.004510 -0.559306
1782360625.562546 2.334253 2.578493 1.328052 0.829205 -0.059356 0.008836 -0.555714
1782360625.594698 2.320796 2.578836 1.328087 0.829555 -0.069032 0.012411 -0.554003
1782360625.628919 2.310918 2.579693 1.328448 0.829511 -0.078839 0.015784 -0.552672
1782360625.662885 2.301745 2.578687 1.327320 0.829016 -0.086999 0.018872 -0.552093
1782360625.695688 2.285611 2.578678 1.326547 0.828241 -0.096767 0.023881 -0.551436
1782360625.727625 2.275711 2.575924 1.324534 0.827207 -0.104427 0.028614 -0.551367
1782360625.761580 2.265704 2.574339 1.322130 0.826293 -0.112811 0.034566 -0.550744
1782360625.794421 2.257267 2.572782 1.321408 0.826290 -0.120688 0.038654 -0.548803
1782360625.827693 2.261787 2.565165 1.315045 0.825938 -0.124027 0.038320 -0.548613
1782360625.861009 2.254124 2.561461 1.311949 0.826322 -0.132310 0.040536 -0.545933
1782360625.894386 2.248674 2.558929 1.309691 0.827091 -0.140048 0.043111 -0.542632
1782360625.927673 2.241995 2.557231 1.310059 0.828309 -0.145690 0.045454 -0.539085
1782360625.961065 2.237665 2.553416 1.308961 0.828428 -0.150840 0.047758 -0.537284
1782360625.994420 2.230938 2.550538 1.309520 0.828258 -0.156053 0.050840 -0.535771
1782360626.027641 2.223845 2.547453 1.310141 0.827171 -0.161957 0.054131 -0.535376
1782360626.061105 2.222126 2.542289 1.310267 0.825631 -0.167760 0.057494 -0.535616
1782360626.094457 2.221654 2.538030 1.310857 0.823960 -0.173533 0.060627 -0.536005
1782360626.127730 2.220062 2.534139 1.311776 0.822029 -0.179836 0.064498 -0.536439
1782360626.161108 2.222039 2.528445 1.311051 0.820461 -0.184027 0.067283 -0.537076
1782360626.194468 2.221219 2.524407 1.311735 0.819196 -0.188962 0.071471 -0.536752
1782360626.227610 2.222017 2.518991 1.312292 0.818216 -0.192719 0.075730 -0.536327
1782360626.260987 2.223991 2.513833 1.311888 0.817264 -0.196602 0.079661 -0.535800
1782360626.294380 2.223078 2.509355 1.312420 0.816175 -0.201337 0.084426 -0.534970
1782360626.329058 2.224133 2.502744 1.311403 0.814601 -0.205970 0.088585 -0.534934
1782360626.360979 2.223879 2.496516 1.312119 0.813159 -0.211534 0.092316 -0.534325
1782360626.394334 2.226950 2.488558 1.312216 0.811514 -0.216549 0.095895 -0.534187
1782360626.427608 2.231408 2.478448 1.311798 0.809983 -0.222320 0.099630 -0.533457
1782360626.460941 2.233955 2.470868 1.310403 0.808911 -0.228630 0.102911 -0.531791
1782360626.494298 2.234940 2.466545 1.316490 0.809417 -0.231054 0.107571 -0.529043
1782360626.527578 2.233196 2.459556 1.319590 0.807120 -0.236647 0.111422 -0.529283
1782360626.560952 2.233742 2.450428 1.319181 0.804484 -0.242116 0.114077 -0.530256
1782360626.594293 2.232171 2.440687 1.316786 0.802818 -0.247080 0.116371 -0.529993
1782360626.627604 2.233980 2.434182 1.317845 0.802888 -0.250895 0.118828 -0.527544
1782360626.660914 2.237951 2.425372 1.317805 0.802444 -0.253603 0.121124 -0.526401
1782360626.694327 2.237244 2.417078 1.317082 0.801158 -0.257026 0.124262 -0.525967
1782360626.727656 2.239118 2.411664 1.317431 0.800002 -0.260428 0.126403 -0.525543
1782360626.760941 2.240179 2.403521 1.317028 0.797898 -0.263588 0.127505 -0.526900
1782360626.794903 2.239439 2.398064 1.318088 0.796116 -0.266892 0.128707 -0.527639
1782360626.827660 2.249711 2.393263 1.322824 0.796976 -0.266462 0.129384 -0.526390
1782360626.861713 2.249972 2.390063 1.323393 0.795592 -0.269522 0.130878 -0.526556
1782360626.894349 2.249061 2.384857 1.324447 0.795038 -0.271873 0.132083 -0.525884
1782360626.928551 2.253120 2.376230 1.322262 0.794773 -0.274056 0.133183 -0.524873
1782360626.961030 2.251638 2.374471 1.321675 0.794578 -0.277491 0.135424 -0.522786
1782360626.994416 2.249794 2.370026 1.319554 0.794162 -0.281849 0.137526 -0.520533
1782360627.027668 2.252465 2.365877 1.318624 0.794054 -0.284778 0.139038 -0.518699
1782360627.061568 2.251897 2.361056 1.316811 0.793129 -0.288229 0.141093 -0.517651
1782360627.094353 2.252733 2.354313 1.314741 0.791934 -0.291872 0.142779 -0.516977
1782360627.128422 2.254366 2.349928 1.312779 0.791101 -0.295151 0.144460 -0.515924
1782360627.161001 2.248735 2.348155 1.309516 0.790312 -0.299926 0.147296 -0.513572
1782360627.195091 2.247637 2.346085 1.307454 0.790053 -0.304656 0.149985 -0.510398
1782360627.227751 2.249826 2.341464 1.303467 0.790042 -0.308647 0.152085 -0.507386
1782360627.261031 2.252466 2.336571 1.300751 0.790281 -0.312367 0.153985 -0.504153
1782360627.295042 2.250153 2.338631 1.300876 0.789941 -0.317562 0.156417 -0.500681
1782360627.329013 2.255771 2.335687 1.302744 0.789311 -0.320998 0.158720 -0.498754
1782360627.362124 2.259403 2.335395 1.302946 0.786432 -0.325302 0.163894 -0.498841
1782360627.395693 2.259110 2.331449 1.295935 0.784252 -0.327669 0.168532 -0.499178
1782360627.429094 2.255719 2.330309 1.291903 0.783804 -0.331872 0.171348 -0.496137
1782360627.464889 2.254932 2.331914 1.288059 0.784154 -0.336280 0.172520 -0.492195
1782360627.495185 2.249571 2.342192 1.289964 0.784055 -0.343210 0.174566 -0.486818
1782360627.528931 2.253766 2.341052 1.289886 0.784078 -0.346393 0.175383 -0.484225
1782360627.562453 2.256161 2.341138 1.288692 0.783186 -0.350590 0.177070 -0.482029
1782360627.595649 2.256112 2.339620 1.286571 0.782348 -0.354672 0.178785 -0.479766
1782360627.629000 2.257343 2.342867 1.286405 0.781303 -0.359514 0.180518 -0.477209
1782360627.662242 2.259768 2.343213 1.286801 0.779960 -0.363612 0.182513 -0.475541
1782360627.695439 2.262961 2.342307 1.286496 0.778520 -0.366600 0.185130 -0.474593
1782360627.729064 2.264493 2.340555 1.284484 0.776631 -0.369572 0.188894 -0.473899
1782360627.762453 2.264076 2.339193 1.279873 0.774738 -0.372203 0.193130 -0.473230
1782360627.795972 2.266892 2.340169 1.278141 0.773362 -0.375698 0.196939 -0.471145
1782360627.828906 2.258213 2.364982 1.276885 0.769096 -0.386548 0.204094 -0.466280
1782360627.862124 2.257564 2.370205 1.273961 0.767453 -0.391656 0.208443 -0.462788
1782360627.895674 2.255018 2.376160 1.268701 0.765422 -0.397025 0.212871 -0.459551
1782360627.928968 2.256424 2.385121 1.267023 0.764078 -0.402873 0.215673 -0.455372
1782360627.961858 2.255871 2.391455 1.265691 0.763218 -0.407527 0.216971 -0.452043
1782360627.995638 2.258153 2.397994 1.265441 0.762449 -0.411440 0.217292 -0.449637
1782360628.029076 2.255753 2.408000 1.262968 0.761266 -0.414902 0.218591 -0.447826
1782360628.062298 2.255925 2.416971 1.261834 0.760784 -0.417657 0.219098 -0.445833
1782360628.095715 2.256304 2.426631 1.261240 0.760289 -0.420450 0.220032 -0.443586
1782360628.128990 2.255515 2.437430 1.261024 0.759498 -0.423388 0.222303 -0.441006
1782360628.162186 2.254661 2.456823 1.264404 0.757984 -0.428556 0.225961 -0.436740
1782360628.195796 2.254646 2.467848 1.265624 0.756711 -0.431359 0.229728 -0.434216
1782360628.229112 2.255673 2.478116 1.267835 0.754890 -0.434304 0.234110 -0.432102
1782360628.261412 2.254656 2.492095 1.267488 0.751562 -0.438512 0.239599 -0.430644
1782360628.294712 2.255086 2.502244 1.268206 0.748416 -0.442650 0.243911 -0.429467
1782360628.329081 2.254061 2.512667 1.267122 0.744348 -0.447768 0.248113 -0.428824
1782360628.361831 2.252092 2.523423 1.265860 0.739919 -0.453767 0.251728 -0.428076
1782360628.395742 2.253807 2.534492 1.268665 0.735580 -0.460725 0.254405 -0.426535
1782360628.428970 2.253488 2.544015 1.267853 0.730555 -0.467098 0.258298 -0.425900
1782360628.462305 2.251590 2.552300 1.265816 0.726398 -0.472445 0.261549 -0.425128
1782360628.494693 2.255162 2.570004 1.266798 0.723104 -0.478398 0.264564 -0.422210
1782360628.527785 2.256829 2.580605 1.269047 0.720342 -0.482962 0.266167 -0.420726
1782360628.562357 2.258681 2.590046 1.268789 0.717962 -0.486171 0.267687 -0.420134
1782360628.597962 2.259750 2.597989 1.269529 0.716622 -0.488749 0.268600 -0.418846
1782360628.628513 2.262867 2.603590 1.270586 0.715930 -0.490324 0.269647 -0.417513
1782360628.662352 2.265714 2.611716 1.271725 0.714583 -0.492368 0.271529 -0.416193
1782360628.695699 2.269313 2.621504 1.272811 0.713342 -0.493936 0.273588 -0.415114
1782360628.728851 2.272676 2.627644 1.272459 0.712770 -0.494162 0.275598 -0.414497
1782360628.762276 2.276984 2.636291 1.273347 0.711856 -0.494868 0.277283 -0.414102
1782360628.795845 2.284207 2.646351 1.275611 0.710710 -0.495832 0.279246 -0.413598
1782360628.828925 2.285488 2.658693 1.272046 0.708491 -0.497140 0.282704 -0.413487
1782360628.861733 2.291061 2.665280 1.267406 0.708477 -0.497109 0.284297 -0.412453
1782360628.895973 2.298640 2.671790 1.267452 0.709468 -0.498158 0.283754 -0.409851
1782360628.928930 2.307207 2.682611 1.269583 0.709277 -0.499904 0.283982 -0.407893
1782360628.961413 2.316554 2.691392 1.270772 0.708089 -0.501281 0.284282 -0.408057
1782360628.995930 2.327033 2.696737 1.271451 0.707327 -0.501754 0.284578 -0.408590
1782360629.028804 2.340757 2.706105 1.273341 0.705096 -0.504375 0.286263 -0.408043
1782360629.062283 2.351414 2.713351 1.273809 0.703042 -0.506293 0.289492 -0.406932
1782360629.095835 2.362952 2.723736 1.274170 0.700507 -0.509179 0.293951 -0.404498
1782360629.128898 2.378149 2.732287 1.276535 0.697664 -0.512807 0.297047 -0.402564
1782360629.162134 2.391088 2.746583 1.279853 0.693370 -0.517908 0.300697 -0.400737
1782360629.194812 2.405828 2.754032 1.281638 0.689533 -0.521238 0.302355 -0.401791
1782360629.229018 2.419588 2.762660 1.283960 0.686115 -0.524412 0.304019 -0.402257
1782360629.262305 2.434376 2.772157 1.286108 0.682552 -0.527840 0.305666 -0.402588
1782360629.295864 2.448568 2.780891 1.286774 0.679979 -0.530419 0.307354 -0.402266
1782360629.328971 2.460677 2.785703 1.286768 0.678884 -0.532067 0.307987 -0.401453
1782360629.362469 2.475193 2.794254 1.288988 0.677857 -0.534653 0.308728 -0.399178
1782360629.395777 2.488667 2.803037 1.289969 0.676050 -0.537050 0.310742 -0.397457
1782360629.428424 2.498867 2.808258 1.288184 0.673970 -0.539081 0.313228 -0.396288
1782360629.462298 2.509592 2.819476 1.286449 0.671897 -0.542371 0.316060 -0.393057
1782360629.497344 2.520913 2.825988 1.284126 0.670741 -0.544734 0.317617 -0.390501
1782360629.530432 2.529409 2.832499 1.280541 0.671784 -0.546028 0.317684 -0.386828
1782360629.562744 2.543397 2.840720 1.282946 0.673253 -0.549012 0.317029 -0.380538
1782360629.599112 2.556995 2.850598 1.285447 0.672147 -0.553162 0.318340 -0.375353
1782360629.629215 2.567480 2.857890 1.284344 0.669271 -0.557139 0.321029 -0.372307
1782360629.662407 2.577116 2.867109 1.282071 0.665283 -0.562451 0.324591 -0.368359
1782360629.695800 2.588982 2.876960 1.280745 0.661360 -0.568124 0.328614 -0.363112
1782360629.729045 2.600336 2.885634 1.279182 0.657546 -0.573477 0.333348 -0.357261
1782360629.762034 2.611297 2.895836 1.277339 0.653241 -0.579256 0.338344 -0.351088
1782360629.795426 2.622858 2.907146 1.276331 0.648293 -0.585492 0.343210 -0.345140
1782360629.830495 2.638689 2.926812 1.277358 0.640152 -0.595524 0.347671 -0.338645
1782360629.863372 2.648525 2.938039 1.277249 0.635080 -0.601085 0.351155 -0.334753
1782360629.895702 2.659637 2.948233 1.278941 0.630392 -0.606237 0.353805 -0.331519
1782360629.930648 2.669949 2.961207 1.281180 0.624070 -0.612130 0.357083 -0.329129
1782360629.961222 2.679410 2.974244 1.282624 0.617638 -0.617487 0.360217 -0.327838
1782360629.997859 2.686620 2.986933 1.283048 -0.612315 0.621795 -0.362194 0.327500
1782360630.030097 2.691986 2.998059 1.281945 -0.609161 0.624760 -0.362544 0.327352
1782360630.064977 2.699709 3.008979 1.282522 -0.607973 0.627540 -0.361715 0.325154
1782360630.094939 2.709038 3.022082 1.285181 -0.606314 0.630719 -0.362098 0.321655
1782360630.128984 2.717281 3.033267 1.287817 -0.603756 0.633292 -0.363261 0.320096
1782360630.164130 2.724436 3.044304 1.289077 -0.599509 0.637093 -0.364715 0.318881
1782360630.196288 2.729898 3.055825 1.289947 -0.597610 0.639190 -0.363895 0.319182
1782360630.229317 2.738499 3.066607 1.293146 -0.597865 0.639415 -0.362428 0.319924
1782360630.264045 2.744657 3.077890 1.294977 -0.597754 0.638553 -0.362738 0.321498
1782360630.297782 2.752010 3.090138 1.296652 -0.597937 0.637240 -0.363243 0.323188
1782360630.330322 2.757298 3.099630 1.296505 -0.599172 0.634305 -0.363484 0.326387
1782360630.362488 2.765297 3.112892 1.295620 -0.600060 0.631940 -0.363940 0.328828
1782360630.395880 2.770257 3.123231 1.292749 -0.602643 0.628637 -0.363735 0.330656
1782360630.428683 2.779229 3.132998 1.291338 -0.606178 0.625694 -0.362610 0.331011
1782360630.462565 2.789327 3.145013 1.291167 -0.609471 0.623073 -0.361888 0.330699
1782360630.494939 2.795907 3.155451 1.288812 -0.613035 0.618917 -0.362243 0.331527
1782360630.529562 2.804507 3.166886 1.287669 0.616351 -0.615509 0.361244 -0.332812
1782360630.561354 2.815639 3.180387 1.288065 0.620495 -0.611760 0.359267 -0.334159
1782360630.596241 2.822758 3.188884 1.287440 0.625326 -0.606519 0.356351 -0.337810
1782360630.628910 2.836534 3.206177 1.289635 0.627672 -0.604020 0.354451 -0.339929
1782360630.663107 2.845282 3.218601 1.290897 0.629896 -0.600455 0.352836 -0.343791
1782360630.695689 2.855877 3.230827 1.291736 0.632377 -0.597142 0.350546 -0.347329
1782360630.729338 2.863263 3.243033 1.291882 0.635700 -0.593535 0.348059 -0.349939
1782360630.762334 2.870488 3.256137 1.290979 0.639523 -0.590272 0.346316 -0.350220
1782360630.795866 2.880831 3.264989 1.290632 0.644902 -0.587559 0.343053 -0.348125
1782360630.829712 2.892892 3.276120 1.293660 0.648834 -0.587022 0.339844 -0.344855
1782360630.862540 2.906482 3.289646 1.298759 0.650505 -0.586202 0.337440 -0.345463
1782360630.895687 2.917370 3.302125 1.300563 0.650766 -0.584255 0.336916 -0.348766
1782360630.929844 2.925409 3.313222 1.300409 0.651765 -0.581930 0.336511 -0.351169
1782360630.962663 2.931502 3.328455 1.298721 0.654127 -0.579664 0.336296 -0.350731
1782360630.996387 2.939912 3.340417 1.296347 0.658691 -0.577514 0.334246 -0.347683
1782360631.029313 2.950927 3.355009 1.297874 0.663023 -0.577278 0.331377 -0.342549
1782360631.063363 2.965156 3.369942 1.301229 0.664289 -0.578063 0.330455 -0.339650
1782360631.096119 2.976203 3.386819 1.302379 0.662133 -0.580440 0.331864 -0.338430
1782360631.129661 2.988099 3.402718 1.303381 0.659703 -0.582543 0.332777 -0.338668
1782360631.162751 2.996798 3.419175 1.302594 0.657226 -0.583806 0.334160 -0.339943
1782360631.194411 3.004765 3.434617 1.301590 0.656337 -0.583480 0.335787 -0.340617
1782360631.227677 3.013144 3.449556 1.300493 0.656509 -0.582701 0.337901 -0.339527
1782360631.260968 3.019435 3.466280 1.299039 0.656020 -0.583068 0.340217 -0.337522
1782360631.294348 3.023559 3.487773 1.295249 0.654501 -0.585810 0.341284 -0.334634
1782360631.329768 3.035268 3.507321 1.297986 0.653652 -0.590777 0.338044 -0.330829
1782360631.360986 3.045037 3.524888 1.301040 0.650255 -0.595562 0.336769 -0.330243
1782360631.394377 3.047656 3.541693 1.298483 0.647180 -0.599329 0.336408 -0.329837
1782360631.427670 3.056476 3.557794 1.298880 0.646586 -0.604262 0.333244 -0.325181
1782360631.464535 3.068877 3.572403 1.303659 0.646097 -0.608524 0.331306 -0.320145
1782360631.498431 3.078098 3.585796 1.305445 0.644358 -0.610225 0.333476 -0.318153
1782360631.529075 3.082255 3.600283 1.303310 0.642170 -0.611410 0.336795 -0.316805
1782360631.564007 3.088608 3.614704 1.301235 0.640915 -0.613863 0.337605 -0.313723
1782360631.599006 3.096778 3.627344 1.301417 0.640616 -0.616337 0.336714 -0.310424
1782360631.630217 3.107706 3.641507 1.302620 0.639968 -0.618623 0.336908 -0.306984
1782360631.662360 3.115878 3.654901 1.302702 0.639376 -0.619761 0.337902 -0.304822
1782360631.698996 3.124763 3.669306 1.302793 0.637898 -0.621263 0.339216 -0.303399
1782360631.728803 3.133395 3.685675 1.302206 0.635939 -0.622799 0.340771 -0.302619
1782360631.765487 3.139245 3.697612 1.300380 0.635589 -0.622917 0.340883 -0.302986
1782360631.794415 3.147983 3.711612 1.298948 0.635047 -0.624010 0.340289 -0.302539
1782360631.827684 3.154588 3.719837 1.298498 0.635779 -0.623847 0.338456 -0.303392
1782360631.860950 3.163983 3.730335 1.298812 0.635551 -0.624047 0.337303 -0.304740
1782360631.894297 3.176602 3.744865 1.299035 0.634418 -0.624970 0.336523 -0.306068
1782360631.927637 3.186289 3.759317 1.299645 0.633363 -0.625586 0.335380 -0.308243
1782360631.960995 3.198366 3.772099 1.300213 0.632688 -0.625804 0.334276 -0.310379
1782360631.994313 3.207180 3.784769 1.300063 0.632017 -0.626380 0.332856 -0.312105
1782360632.027668 3.218570 3.799111 1.300318 0.630945 -0.628383 0.331119 -0.312096
1782360632.060980 3.230167 3.811885 1.302140 0.630803 -0.630203 0.328463 -0.311518
1782360632.094374 3.241558 3.823866 1.304847 -0.631289 0.631534 -0.325859 0.310571
1782360632.127629 3.253922 3.835424 1.310140 -0.631009 0.633140 -0.323256 0.310590
1782360632.160961 3.149665 3.895278 1.313206 -0.625897 0.637349 -0.322716 0.312880
1782360632.194335 3.151547 3.908984 1.315549 -0.622569 0.638660 -0.324732 0.314755
1782360632.227631 3.152088 3.920475 1.316374 -0.620734 0.639442 -0.326928 0.314517
1782360632.260972 3.161902 3.929306 1.318798 -0.618930 0.641339 -0.329569 0.311440
1782360632.295771 3.171041 3.936555 1.321075 -0.615979 0.644059 -0.333317 0.307665
1782360632.327604 3.171467 3.946912 1.321550 -0.610989 0.648539 -0.337634 0.303468
1782360632.360993 3.173378 3.954528 1.324180 -0.604093 0.655701 -0.340356 0.298807
1782360632.394381 3.169826 3.963566 1.327458 -0.594598 0.663938 -0.343383 0.296189
1782360632.427631 3.166246 3.970238 1.327587 -0.584875 0.670837 -0.346869 0.295939
1782360632.460931 3.172354 3.976817 1.327331 -0.575293 0.678555 -0.350019 0.293408
1782360632.494268 3.167293 4.001871 1.327782 -0.562223 0.689255 -0.355139 0.287591
1782360632.527617 3.169399 4.009842 1.326084 -0.552420 0.695584 -0.360162 0.285094
1782360632.560944 3.173700 4.019309 1.323041 -0.542001 0.702861 -0.364896 0.281199
1782360632.597285 3.176810 4.028661 1.319757 -0.532868 0.710281 -0.367597 0.276451
1782360632.627652 3.182159 4.038707 1.318123 -0.523790 0.718940 -0.367740 0.271178
1782360632.660942 3.185467 4.047440 1.319245 -0.515420 0.727668 -0.365969 0.266284
1782360632.694303 3.189662 4.053457 1.323189 -0.506009 0.736259 -0.364246 0.263062
1782360632.727601 3.192084 4.059269 1.327519 -0.494782 0.743778 -0.365050 0.262151
1782360632.761005 3.192492 4.066843 1.328995 -0.482828 0.750001 -0.367969 0.262631
1782360632.794328 3.195894 4.074204 1.331667 -0.472415 0.755541 -0.370463 0.262181
1782360632.827620 3.204597 4.083245 1.335447 -0.462630 0.760124 -0.374589 0.260514
1782360632.860960 3.202177 4.086568 1.336322 -0.454687 0.762098 -0.380186 0.260625
1782360632.894346 3.199342 4.096112 1.333375 -0.446628 0.764934 -0.385625 0.258249
1782360632.927622 3.200045 4.098667 1.335314 -0.440419 0.769540 -0.386791 0.253441
1782360632.960948 3.199785 4.097931 1.338462 -0.433068 0.773691 -0.389449 0.249368
1782360632.994339 3.201931 4.102745 1.338412 -0.424390 0.777401 -0.394182 0.245277
1782360633.027661 3.202322 4.106237 1.339238 -0.417284 0.780859 -0.396673 0.242453
1782360633.061005 3.202301 4.107997 1.340834 -0.410994 0.783492 -0.398615 0.241517
1782360633.094342 3.200351 4.107156 1.340818 -0.406953 0.784237 -0.400883 0.242187
1782360633.127607 3.200180 4.109363 1.340182 -0.402412 0.785588 -0.403141 0.241645
1782360633.161113 3.222019 4.141093 1.341036 -0.390899 0.790733 -0.407140 0.237016
1782360633.194298 3.221267 4.139416 1.341217 -0.386022 0.792267 -0.409758 0.235370
1782360633.227757 3.219944 4.139515 1.340204 -0.380407 0.793822 -0.412783 0.233982
1782360633.261005 3.218241 4.137923 1.340481 -0.375788 0.795193 -0.414730 0.233345
1782360633.294364 3.217220 4.136940 1.340531 -0.371393 0.796169 -0.417182 0.232683
1782360633.327641 3.215717 4.134570 1.340197 -0.366866 0.797160 -0.420375 0.230714
1782360633.360992 3.214010 4.130841 1.341368 -0.362604 0.798325 -0.423763 0.227201
1782360633.394321 3.215410 4.133092 1.341421 -0.355473 0.799944 -0.429267 0.222394
1782360633.427607 3.213938 4.129630 1.339488 -0.350668 0.800644 -0.433597 0.219078
1782360633.460920 3.212033 4.125817 1.339562 -0.346299 0.802322 -0.435413 0.216270
1782360633.494334 3.193685 4.109993 1.338655 -0.357734 0.796432 -0.433721 0.222730
1782360633.527579 3.194272 4.108562 1.338188 -0.351476 0.798768 -0.435977 0.219907
1782360633.561012 3.194358 4.107443 1.338747 -0.345991 0.801062 -0.436958 0.218305
1782360633.594564 3.194999 4.104352 1.339701 -0.340901 0.803073 -0.437645 0.217549
1782360633.628352 3.194767 4.099874 1.340682 -0.336124 0.804920 -0.438183 0.217070
1782360633.661744 3.193804 4.095826 1.340744 -0.332037 0.806235 -0.439054 0.216724
1782360633.694361 3.191336 4.092223 1.340799 -0.328501 0.807403 -0.439849 0.216150
1782360633.727722 3.192676 4.091981 1.341008 -0.323742 0.809220 -0.440583 0.215038
1782360633.761028 3.190534 4.086074 1.341290 -0.319655 0.810913 -0.440955 0.214007
1782360633.794391 3.189816 4.081741 1.341382 -0.314772 0.812824 -0.441648 0.212561
1782360633.827895 3.173957 4.060440 1.339799 -0.317148 0.811719 -0.440666 0.215276
1782360633.860981 3.174509 4.059256 1.339206 -0.310143 0.814325 -0.442391 0.212078
1782360633.894538 3.175079 4.054295 1.339577 -0.304232 0.816720 -0.443376 0.209354
1782360633.927662 3.174327 4.049336 1.338736 -0.298095 0.818912 -0.444857 0.206457
1782360633.961093 3.174406 4.044595 1.338302 -0.291748 0.821362 -0.446018 0.203261
1782360633.994410 3.174535 4.037613 1.337739 -0.285265 0.824054 -0.446817 0.199786
1782360634.027633 3.172556 4.030099 1.337024 -0.279153 0.826582 -0.447493 0.196432
1782360634.061010 3.174334 4.026640 1.336451 -0.271871 0.829490 -0.448396 0.192288
1782360634.094419 3.173902 4.019390 1.336492 -0.265217 0.832337 -0.448652 0.188644
1782360634.127637 3.177810 4.016243 1.335539 -0.257457 0.834908 -0.450148 0.184420
1782360634.161089 3.160324 3.992485 1.333783 -0.265161 0.832756 -0.447682 0.189176
1782360634.194426 3.160791 3.983348 1.333610 -0.258736 0.835328 -0.448089 0.185740
1782360634.227654 3.160889 3.978456 1.332837 -0.252442 0.837579 -0.448840 0.182418
1782360634.261035 3.162781 3.968219 1.332509 -0.246328 0.839725 -0.449889 0.178279
1782360634.294352 3.165330 3.958852 1.332594 -0.240015 0.841737 -0.451406 0.173502
1782360634.327643 3.168402 3.949196 1.331725 -0.232811 0.843459 -0.453962 0.168207
1782360634.360984 3.172213 3.942123 1.329700 -0.225973 0.845064 -0.456075 0.163704
1782360634.394372 3.174752 3.929739 1.329929 -0.220152 0.847127 -0.456442 0.159903
1782360634.427701 3.175629 3.919274 1.330222 -0.214060 0.848420 -0.457898 0.157135
1782360634.462186 3.179343 3.912713 1.327903 -0.206958 0.849304 -0.460410 0.154512
1782360634.494375 3.145151 3.912807 1.324021 -0.219484 0.845895 -0.458201 0.162295
1782360634.527661 3.149807 3.900892 1.324270 -0.214064 0.847823 -0.458003 0.160020
1782360634.560977 3.153654 3.894212 1.323520 -0.208828 0.849091 -0.458494 0.158803
1782360634.594340 3.156718 3.887345 1.322827 -0.204390 0.850494 -0.458079 0.158263
1782360634.627668 3.160060 3.877618 1.324061 -0.200871 0.851998 -0.456905 0.158073
1782360634.661072 3.163146 3.868682 1.325915 -0.196481 0.852988 -0.457113 0.157656
1782360634.694328 3.164513 3.859627 1.325426 -0.191436 0.853284 -0.458799 0.157359
1782360634.727750 3.166207 3.853774 1.324787 -0.186398 0.853995 -0.460142 0.155619
1782360634.760990 3.169523 3.844958 1.325768 -0.181236 0.854808 -0.461614 0.152872
1782360634.794318 3.172794 3.837092 1.324396 -0.175578 0.854483 -0.465442 0.149650
1782360634.827649 3.155053 3.841773 1.319563 -0.173118 0.853925 -0.467528 0.149196
1782360634.861006 3.157549 3.836376 1.316348 -0.168160 0.855744 -0.467283 0.145157
1782360634.894332 3.160522 3.828737 1.314738 -0.163993 0.858603 -0.464866 0.140735
1782360634.928440 3.163883 3.823873 1.314350 -0.160139 0.861282 -0.462835 0.135397
1782360634.961053 3.168655 3.815805 1.315706 -0.155187 0.863421 -0.462179 0.129657
1782360634.994401 3.171349 3.808569 1.315685 -0.148872 0.864693 -0.462977 0.125680
1782360635.027633 3.178478 3.800206 1.317004 -0.141331 0.866252 -0.463375 0.122133
1782360635.061142 3.184781 3.792289 1.319658 -0.133813 0.866907 -0.465201 0.118974
1782360635.094493 3.187721 3.787253 1.321201 -0.126998 0.865973 -0.469457 0.116497
1782360635.127656 3.192378 3.784926 1.320053 -0.120080 0.864304 -0.475104 0.113296
1782360635.160989 3.189712 3.787055 1.317870 -0.113535 0.863922 -0.477906 0.111149
1782360635.194335 3.190777 3.783855 1.317125 -0.107886 0.864171 -0.479943 0.105940
1782360635.228699 3.196306 3.778478 1.318641 -0.101419 0.865414 -0.480511 0.099409
1782360635.261039 3.200815 3.772256 1.321375 -0.093104 0.866327 -0.481830 0.092996
1782360635.294436 3.203489 3.767902 1.322899 -0.083643 0.866103 -0.484864 0.088180
1782360635.327887 3.209430 3.764065 1.323556 -0.072270 0.866221 -0.487223 0.083971
1782360635.360984 3.214134 3.758718 1.324936 -0.062874 0.866510 -0.488674 0.080034
1782360635.394336 3.217646 3.756066 1.325989 -0.054780 0.866367 -0.490674 0.075146
1782360635.427675 3.224286 3.751760 1.326840 -0.047464 0.866149 -0.492704 0.069100
1782360635.460977 3.228488 3.749166 1.326827 -0.040286 0.865652 -0.494924 0.063835
1782360635.494326 3.196953 3.749871 1.322037 -0.041554 0.863457 -0.497963 0.068912
1782360635.527636 3.201338 3.746919 1.323335 -0.033901 0.862704 -0.500418 0.064609
1782360635.561149 3.202495 3.746612 1.323495 -0.027053 0.861588 -0.503176 0.061218
1782360635.594322 3.202739 3.743838 1.324806 -0.020309 0.860812 -0.505194 0.058043
1782360635.627624 3.207575 3.740831 1.326488 -0.012886 0.859626 -0.507902 0.053965
1782360635.660931 3.209125 3.738541 1.326961 -0.005649 0.857889 -0.511255 0.051119
1782360635.694344 3.215210 3.736547 1.325302 0.002411 0.857094 -0.512871 0.048463
1782360635.727647 3.217109 3.734970 1.324582 0.007921 0.857944 -0.511664 0.045493
1782360635.760966 3.218335 3.730580 1.325826 0.012255 0.858578 -0.510805 0.042092
1782360635.794335 3.219979 3.727769 1.324993 0.017338 0.858322 -0.511366 0.038564
1782360635.827658 3.184736 3.721236 1.319560 0.016043 0.857774 -0.512036 0.042263
1782360635.860988 3.194192 3.716022 1.320298 0.019679 0.858267 -0.511409 0.038096
1782360635.894347 3.191893 3.714217 1.318960 0.021106 0.858240 -0.511667 0.034284
1782360635.927632 3.196052 3.710613 1.318678 0.023903 0.858093 -0.512236 0.026830
1782360635.960975 3.197730 3.707920 1.318429 0.026901 0.857585 -0.513258 0.019766
1782360635.994376 3.198236 3.706077 1.316509 0.031891 0.856953 -0.514206 0.014415
1782360636.027664 3.200993 3.703248 1.317227 0.036972 0.856908 -0.514063 0.008967
1782360636.061014 3.198565 3.700788 1.317347 0.042003 0.856303 -0.514733 0.005529
1782360636.094365 3.198401 3.695134 1.317063 0.046274 0.855686 -0.515413 0.003117
1782360636.127652 3.197812 3.690302 1.317464 0.049823 0.855348 -0.515653 0.000187
1782360636.160982 3.189736 3.694119 1.311129 0.055569 0.853460 -0.518186 0.001227
1782360636.194320 3.190040 3.689252 1.311585 0.059935 0.853194 -0.518137 -0.001710
1782360636.227708 3.189163 3.683002 1.312656 0.063950 0.853012 -0.517941 -0.004145
1782360636.261003 3.187469 3.675818 1.314807 0.068031 0.852745 -0.517848 -0.005574
1782360636.294381 3.180704 3.670889 1.316356 0.071617 0.851698 -0.519077 -0.006327
1782360636.327638 3.175090 3.663869 1.316983 0.074941 0.850456 -0.520627 -0.007423
1782360636.360978 3.174646 3.656947 1.319573 0.078440 0.849590 -0.521495 -0.009321
1782360636.394337 3.172309 3.648619 1.322263 0.081527 0.848497 -0.522767 -0.010991
1782360636.427670 3.164604 3.640635 1.324615 0.084560 0.847167 -0.524427 -0.011629
1782360636.460967 3.166198 3.633869 1.328421 0.089451 0.845695 -0.525973 -0.012292
1782360636.494331 3.154589 3.634056 1.316748 0.093356 0.840852 -0.533072 -0.009303
1782360636.527578 3.149829 3.626333 1.318184 0.096941 0.838427 -0.536246 -0.009112
1782360636.560951 3.144733 3.616619 1.320876 0.099028 0.836873 -0.538274 -0.009865
1782360636.597998 3.141110 3.607368 1.324606 0.100055 0.835550 -0.540100 -0.011736
1782360636.630843 3.137341 3.599080 1.326348 0.101041 0.833539 -0.542983 -0.013167
1782360636.661747 3.131347 3.591127 1.328111 0.101654 0.831560 -0.545879 -0.013837
1782360636.695706 3.124612 3.581560 1.331040 0.101871 0.829896 -0.548345 -0.014548
1782360636.728905 3.118471 3.574620 1.329711 0.102619 0.827985 -0.551068 -0.015296
1782360636.762153 3.113590 3.565856 1.330647 0.103392 0.827155 -0.552116 -0.017110
1782360636.795685 3.112782 3.557471 1.331328 0.104622 0.826200 -0.553201 -0.020403
1782360636.828621 3.099212 3.562274 1.317334 0.103173 0.823411 -0.557512 -0.023013
1782360636.862330 3.102756 3.554419 1.317740 0.105764 0.823296 -0.557015 -0.027063
1782360636.895287 3.103458 3.536416 1.317215 0.111031 0.824524 -0.553730 -0.034854
1782360636.928819 3.102276 3.529351 1.316398 0.114482 0.824595 -0.552661 -0.038772
1782360636.962331 3.103830 3.519901 1.317519 0.118355 0.825003 -0.550951 -0.042616
1782360636.995499 3.107588 3.509956 1.317766 0.122830 0.825043 -0.549603 -0.046410
1782360637.028795 3.107297 3.501454 1.318895 0.126383 0.824627 -0.549073 -0.050358
1782360637.062123 3.113100 3.489423 1.320422 0.130602 0.823933 -0.548545 -0.056357
1782360637.095641 3.110872 3.479893 1.321460 0.134562 0.823348 -0.547815 -0.062368
1782360637.131423 3.117797 3.467645 1.324072 0.139733 0.822941 -0.546115 -0.070721
1782360637.161027 3.116626 3.468056 1.310767 0.145346 0.819450 -0.549155 -0.076185
1782360637.195560 3.125770 3.459808 1.309267 0.153187 0.817406 -0.549099 -0.082893
1782360637.227687 3.127542 3.451671 1.305248 0.160038 0.815954 -0.548604 -0.087410
1782360637.262047 3.141358 3.439254 1.305973 0.168680 0.814819 -0.546787 -0.092962
1782360637.295108 3.150846 3.428530 1.309302 0.176690 0.812757 -0.546490 -0.097750
1782360637.328959 3.154663 3.416155 1.312945 0.183887 0.810073 -0.547216 -0.102577
1782360637.361824 3.164153 3.407470 1.311255 0.189005 0.807185 -0.548541 -0.108777
1782360637.395288 3.162096 3.400716 1.311050 0.192899 0.805518 -0.548934 -0.112255
1782360637.428885 3.170320 3.389991 1.307084 0.197303 0.804332 -0.548012 -0.117497
1782360637.462120 3.179569 3.379830 1.308671 0.202584 0.803617 -0.545835 -0.123385
1782360637.498330 3.135273 3.395868 1.311978 0.196109 0.805046 -0.546076 -0.123464
1782360637.528370 3.134895 3.390305 1.312009 0.200193 0.802973 -0.547052 -0.126062
1782360637.562236 3.143658 3.379239 1.307216 0.204386 0.800829 -0.547679 -0.130180
1782360637.598240 3.146321 3.368962 1.308568 0.207773 0.799438 -0.547450 -0.134267
1782360637.627645 3.158479 3.359104 1.301383 0.212122 0.797538 -0.547247 -0.139493
1782360637.662373 3.169936 3.344058 1.300923 0.217305 0.796160 -0.545839 -0.144801
1782360637.695377 3.170604 3.336360 1.299961 0.221263 0.794582 -0.545588 -0.148379
1782360637.728913 3.178987 3.326724 1.287639 0.224087 0.793520 -0.544873 -0.152395
1782360637.762408 3.179619 3.315565 1.282466 0.226993 0.795625 -0.540161 -0.153886
1782360637.795573 3.178061 3.303179 1.282860 0.229206 0.798936 -0.534068 -0.154716
1782360637.831498 3.172742 3.289885 1.283398 0.230473 0.801937 -0.528580 -0.156150
1782360637.861617 3.169542 3.280347 1.284479 0.232142 0.804036 -0.524384 -0.157028
1782360637.895695 3.164001 3.270864 1.283364 0.233215 0.804273 -0.523147 -0.158344
1782360637.929025 3.165143 3.234210 1.289123 0.241060 0.800692 -0.524206 -0.161217
1782360637.962095 3.155730 3.220454 1.291016 0.242843 0.798725 -0.526375 -0.161232
1782360637.995737 3.145988 3.209209 1.295971 0.243979 0.795578 -0.530471 -0.161651
1782360638.028448 3.145761 3.193465 1.290857 0.246102 0.789693 -0.536859 -0.166135
1782360638.062355 3.135867 3.180519 1.291029 0.248791 0.786133 -0.539631 -0.169991
1782360638.095562 3.131636 3.164269 1.293455 0.254416 0.783316 -0.539640 -0.174578
1782360638.129078 3.120630 3.153200 1.292150 0.258189 0.779820 -0.541054 -0.180219
1782360638.162472 3.106649 3.145580 1.282373 0.261180 0.775977 -0.543586 -0.184820
1782360638.195545 3.098999 3.129228 1.278078 0.266582 0.772890 -0.543904 -0.189062
1782360638.228386 3.097156 3.112995 1.273848 0.272331 0.769073 -0.545295 -0.192395
1782360638.261995 3.087391 3.100944 1.277891 0.274915 0.767389 -0.545879 -0.193784
1782360638.295287 3.078559 3.084167 1.285118 0.275615 0.767272 -0.544794 -0.196289
1782360638.328668 3.069809 3.069854 1.282993 0.276001 0.766039 -0.544850 -0.200367
1782360638.362285 3.056612 3.052603 1.292070 0.278319 0.765125 -0.543596 -0.204023
1782360638.395242 3.050314 3.037366 1.290301 0.281147 0.762870 -0.543332 -0.209229
1782360638.428984 3.037883 3.026660 1.289042 0.282969 0.762767 -0.541692 -0.211387
1782360638.462211 3.033967 3.008173 1.287054 0.283603 0.764161 -0.538453 -0.213764
1782360638.495429 3.017364 2.992760 1.282143 0.280380 0.767705 -0.534194 -0.215992
1782360638.528785 3.008919 2.973165 1.285657 0.281283 0.771361 -0.527852 -0.217381
1782360638.562522 2.995482 2.961669 1.290061 0.283222 0.773143 -0.524137 -0.217524
1782360638.595718 2.990377 2.941382 1.286953 0.287837 0.771673 -0.522701 -0.220123
1782360638.628771 2.986525 2.920642 1.285392 0.294024 0.769774 -0.521000 -0.222616
1782360638.662005 2.982516 2.900323 1.279284 0.299040 0.767362 -0.519871 -0.226858
1782360638.695747 2.973235 2.882783 1.275480 0.302934 0.765957 -0.517808 -0.231120
1782360638.728781 2.962062 2.864313 1.275437 0.308469 0.764851 -0.514058 -0.235781
1782360638.762435 2.958511 2.840405 1.273463 0.317325 0.762318 -0.509564 -0.241913
1782360638.795620 2.952154 2.821165 1.270844 0.327138 0.758264 -0.507020 -0.246874
1782360638.831666 2.925638 2.813098 1.263784 0.334361 0.752098 -0.510499 -0.248881
1782360638.861044 2.921142 2.793758 1.259464 0.343699 0.745922 -0.510491 -0.254697
1782360638.895631 2.913722 2.774497 1.257424 0.354910 0.741892 -0.506226 -0.259558
1782360638.928854 2.905719 2.754603 1.255324 0.364726 0.739159 -0.499846 -0.266033
1782360638.961872 2.902807 2.730310 1.254180 0.376260 0.734837 -0.493363 -0.273926
1782360638.995246 2.891883 2.711490 1.257023 0.384872 0.733014 -0.486308 -0.279409
1782360639.028769 2.889969 2.687304 1.261099 0.394932 0.729531 -0.480134 -0.285105
1782360639.062465 2.885978 2.668486 1.259239 0.402035 0.725117 -0.477747 -0.290398
1782360639.095579 2.881103 2.653049 1.253627 0.409154 0.720610 -0.476093 -0.294363
1782360639.128965 2.869031 2.639414 1.253464 0.415678 0.718617 -0.473011 -0.295063
1782360639.162221 2.855741 2.634970 1.248220 0.415619 0.719345 -0.471117 -0.296398
1782360639.195513 2.850431 2.618307 1.250478 0.419764 0.719267 -0.467612 -0.296297
1782360639.228818 2.843509 2.604133 1.252465 0.423483 0.718836 -0.465624 -0.295181
1782360639.261994 2.837489 2.585268 1.258998 0.428071 0.717436 -0.464177 -0.294245
1782360639.298468 2.825360 2.559271 1.259602 0.434770 0.709224 -0.471681 -0.292392
1782360639.328296 2.817272 2.544591 1.264741 0.437926 0.705584 -0.474999 -0.291115
1782360639.362558 2.811719 2.531616 1.265575 0.439664 0.701034 -0.481322 -0.289093
1782360639.398268 2.807722 2.517686 1.261398 0.440747 0.696757 -0.487268 -0.287822
1782360639.428431 2.795972 2.507563 1.264278 0.439773 0.697031 -0.489145 -0.285453
1782360639.462597 2.788562 2.495290 1.260923 0.439516 0.696475 -0.490415 -0.285028
1782360639.495699 2.784082 2.479916 1.258095 0.441073 0.694493 -0.491837 -0.285009
1782360639.528894 2.779015 2.463298 1.254953 0.443586 0.692081 -0.492732 -0.285431
1782360639.562325 2.770421 2.449530 1.256730 0.446095 0.690997 -0.492369 -0.284772
1782360639.596627 2.764131 2.433764 1.255961 0.448712 0.690113 -0.491797 -0.283791
1782360639.628039 2.755620 2.420544 1.255269 0.450209 0.691056 -0.490688 -0.281031
1782360639.662441 2.749099 2.404526 1.254839 0.451009 0.693755 -0.487734 -0.278227
1782360639.695781 2.740307 2.391399 1.255184 0.451269 0.697025 -0.485300 -0.273855
1782360639.730774 2.732874 2.377057 1.255051 0.450958 0.699224 -0.484727 -0.269746
1782360639.762456 2.724816 2.361032 1.257654 0.451765 0.700004 -0.484275 -0.267170
1782360639.796344 2.716173 2.346242 1.260436 0.453305 0.700372 -0.482074 -0.267579
1782360639.829043 2.707026 2.336169 1.259921 0.454647 0.701065 -0.479552 -0.268020
1782360639.864107 2.701987 2.321573 1.261149 0.456546 0.701678 -0.476721 -0.268236
1782360639.896094 2.695703 2.309226 1.259470 0.456965 0.702977 -0.475192 -0.266832
1782360639.929026 2.691608 2.294222 1.259896 0.459363 0.704657 -0.470719 -0.266209
1782360639.963925 2.689401 2.277900 1.259275 0.462186 0.703936 -0.468585 -0.266997
1782360639.995787 2.688409 2.261887 1.256640 0.465482 0.702033 -0.468418 -0.266571
1782360640.030786 2.685040 2.246440 1.257255 0.468413 0.701001 -0.467765 -0.265296
1782360640.063762 2.681707 2.229486 1.259027 0.470710 0.700031 -0.466081 -0.266754
1782360640.097126 2.678025 2.213214 1.257677 0.473154 0.699102 -0.463591 -0.269195
1782360640.130192 2.677226 2.194085 1.255601 0.476227 0.698328 -0.459483 -0.272803
1782360640.162523 2.670183 2.176238 1.257495 0.478340 0.697743 -0.455813 -0.276730
1782360640.195971 2.671011 2.154301 1.257512 0.482760 0.694197 -0.453056 -0.282441
1782360640.229125 2.670604 2.133290 1.257343 0.488200 0.690236 -0.450174 -0.287363
1782360640.261672 2.671742 2.111062 1.260182 0.494584 0.685384 -0.448155 -0.291191
1782360640.295735 2.676354 2.089191 1.260168 0.502572 0.678868 -0.448679 -0.291969
1782360640.329047 2.680371 2.067614 1.261115 0.509319 0.675654 -0.446821 -0.290579
1782360640.362422 2.681601 2.046832 1.266947 0.515578 0.673159 -0.443660 -0.290177
1782360640.395797 2.686552 2.025455 1.268782 0.522457 0.669146 -0.440374 -0.292152
1782360640.429322 2.690593 2.006371 1.270550 0.528139 0.666484 -0.436328 -0.294086
1782360640.462466 2.696091 1.987019 1.271054 0.535080 0.663366 -0.432239 -0.294627
1782360640.495698 2.699453 1.974476 1.268735 0.538747 0.663140 -0.429072 -0.293078
1782360640.529145 2.704473 1.958590 1.269658 0.541450 0.661953 -0.426818 -0.294070
1782360640.561047 2.709987 1.945585 1.270872 0.542211 0.660714 -0.425068 -0.297962
1782360640.595766 2.717789 1.931484 1.270939 0.543343 0.658638 -0.423574 -0.302589
1782360640.629467 2.726292 1.919023 1.270540 0.543274 0.656901 -0.423295 -0.306848
1782360640.662066 2.733465 1.907961 1.272040 0.543150 0.655664 -0.422348 -0.310991
1782360640.695975 2.742653 1.897813 1.271706 0.543261 0.653064 -0.422797 -0.315622
1782360640.728124 2.752601 1.887102 1.270808 0.542920 0.650081 -0.424107 -0.320570
1782360640.762380 2.761520 1.877026 1.270281 0.542699 0.648481 -0.423106 -0.325472
1782360640.795644 2.771539 1.866950 1.269354 0.542707 0.646477 -0.421888 -0.330979
1782360640.829119 2.778617 1.862416 1.271538 0.541221 0.645793 -0.421108 -0.335706
1782360640.862425 2.789446 1.852536 1.271734 0.542377 0.643582 -0.419167 -0.340483
1782360640.895738 2.801707 1.842190 1.271184 0.545123 0.639800 -0.418330 -0.344235
1782360640.928923 2.813886 1.831503 1.271423 0.548455 0.636028 -0.417214 -0.347272
1782360640.962465 2.826366 1.821532 1.271463 0.552872 0.632749 -0.414895 -0.349033
1782360640.994746 2.839560 1.811178 1.272041 0.556876 0.628864 -0.413895 -0.350870
1782360641.029300 2.853512 1.799035 1.272926 0.560601 0.623576 -0.413774 -0.354500
1782360641.062089 2.866128 1.790205 1.272144 0.565483 0.618696 -0.412507 -0.356767
1782360641.095902 2.878461 1.779528 1.272119 0.571354 0.614468 -0.409398 -0.358298
1782360641.128716 2.889808 1.769191 1.274483 0.576112 0.608816 -0.407899 -0.362017
1782360641.162441 2.899601 1.769852 1.268782 0.579937 0.602850 -0.409156 -0.364469
1782360641.195915 2.908721 1.761645 1.271197 0.586704 0.599755 -0.402959 -0.365645
1782360641.228829 2.917982 1.752175 1.272867 0.594622 0.596634 -0.396248 -0.365294
1782360641.262399 2.927741 1.741184 1.274768 0.601796 0.592235 -0.391735 -0.365573
1782360641.296072 2.935068 1.731994 1.280180 0.607001 0.586932 -0.389392 -0.368014
1782360641.328773 2.943147 1.722610 1.284087 0.611096 0.579692 -0.388499 -0.373614
1782360641.362615 2.951845 1.711911 1.286685 0.615106 0.571493 -0.388536 -0.379581
1782360641.395126 2.959260 1.703505 1.287839 0.617755 0.563942 -0.389806 -0.385226
1782360641.428850 2.964996 1.693908 1.290578 0.620590 0.556030 -0.390487 -0.391432
1782360641.462073 2.970984 1.682837 1.292309 0.622786 0.548000 -0.391062 -0.398628
1782360641.495823 2.981199 1.676963 1.284841 0.622077 0.541051 -0.393414 -0.406830
1782360641.528999 2.983955 1.666520 1.288271 0.625102 0.535287 -0.390890 -0.412215
1782360641.562131 2.986801 1.654194 1.286752 0.628769 0.528465 -0.388255 -0.417891
1782360641.595434 2.990530 1.641155 1.283675 0.632973 0.522544 -0.385331 -0.421678
1782360641.628952 2.992758 1.624602 1.284146 0.637703 0.516707 -0.382005 -0.424760
1782360641.662186 2.993758 1.607566 1.286266 0.641477 0.510743 -0.379009 -0.428953
1782360641.698277 2.995368 1.592758 1.286138 0.644518 0.503761 -0.377083 -0.434315
1782360641.727726 2.997951 1.574931 1.283428 0.648644 0.495797 -0.374680 -0.439388
1782360641.762478 3.000638 1.558491 1.278774 0.653848 0.488830 -0.372729 -0.441136
1782360641.795703 3.001332 1.541408 1.279704 0.659710 0.483150 -0.370920 -0.440191
1782360641.828855 3.001992 1.543177 1.286006 0.661156 0.482809 -0.371621 -0.437796
1782360641.862423 3.002740 1.528178 1.294460 0.664163 0.476219 -0.372321 -0.439864
1782360641.895699 3.005696 1.513919 1.298060 0.665070 0.467858 -0.374032 -0.445972
1782360641.928955 3.010786 1.501153 1.296611 0.666035 0.459063 -0.377183 -0.450990
1782360641.961952 3.016737 1.489344 1.293440 0.667252 0.452800 -0.379431 -0.453628
1782360641.995274 3.019264 1.480456 1.297708 0.669041 0.449323 -0.378574 -0.455165
1782360642.028616 3.022480 1.470788 1.299615 0.670942 0.445255 -0.377157 -0.457533
1782360642.064631 3.026853 1.461572 1.300746 0.673302 0.440639 -0.375003 -0.460297
1782360642.094398 3.029156 1.452438 1.304090 0.676783 0.435540 -0.372162 -0.462348
1782360642.128680 3.030286 1.445041 1.307854 0.680208 0.430829 -0.369484 -0.463880
1782360642.161964 3.036609 1.451658 1.304688 0.680027 0.429375 -0.369731 -0.465294
1782360642.194346 3.038909 1.443963 1.311046 0.681491 0.425396 -0.367124 -0.468859
1782360642.228584 3.040367 1.440380 1.316230 0.681056 0.421182 -0.365427 -0.474585
1782360642.261699 3.042252 1.436110 1.321440 0.679910 0.416622 -0.363716 -0.481517
1782360642.297046 3.045815 1.431304 1.324502 0.678907 0.411011 -0.363877 -0.487596
1782360642.327702 3.050069 1.426335 1.325248 0.676583 0.406143 -0.365000 -0.494022
1782360642.361802 3.053906 1.425785 1.323447 0.674601 0.401349 -0.367172 -0.499015
1782360642.394475 3.056717 1.422853 1.325945 0.674794 0.398864 -0.365849 -0.501712
1782360642.427842 3.060414 1.421493 1.322976 0.675711 0.396788 -0.364338 -0.503221
1782360642.462344 3.061141 1.421567 1.324622 0.678111 0.395559 -0.360988 -0.503375
1782360642.494465 3.072609 1.431581 1.318204 0.678282 0.395793 -0.359033 -0.504358
1782360642.528587 3.077058 1.432318 1.327990 0.679870 0.393480 -0.356420 -0.505881
1782360642.562398 3.080050 1.433195 1.329630 0.680154 0.389565 -0.354852 -0.509617
1782360642.595749 3.080152 1.429203 1.331601 0.680671 0.385313 -0.352857 -0.513530
1782360642.628869 3.083616 1.433555 1.333346 0.680419 0.381742 -0.353232 -0.516265
1782360642.662109 3.085893 1.432159 1.335191 0.679794 0.378179 -0.352043 -0.520506
1782360642.695150 3.089931 1.434666 1.328468 0.678915 0.374523 -0.352469 -0.523997
1782360642.728738 3.091893 1.433098 1.322163 0.679309 0.372372 -0.350699 -0.526202
1782360642.761891 3.092762 1.436512 1.317565 0.681084 0.371423 -0.348252 -0.526203
1782360642.795471 3.092455 1.440184 1.314433 0.684347 0.369465 -0.345254 -0.525324
1782360642.828759 3.096679 1.455020 1.316701 0.687285 0.371658 -0.339356 -0.523781
1782360642.864498 3.092256 1.458133 1.316801 0.691342 0.368606 -0.334370 -0.523806
1782360642.894355 3.090657 1.463000 1.318433 0.695430 0.365025 -0.330148 -0.523580
1782360642.928515 3.082977 1.464215 1.315006 0.699005 0.361155 -0.325313 -0.524529
1782360642.962498 3.080496 1.473251 1.323070 0.703196 0.358757 -0.321104 -0.523164
1782360642.995101 3.078033 1.475016 1.319497 0.706367 0.355342 -0.316268 -0.524169
1782360643.028465 3.078732 1.481882 1.314012 0.709606 0.352355 -0.312155 -0.524274
1782360643.062050 3.073471 1.485013 1.310598 0.713452 0.348090 -0.306767 -0.525085
1782360643.095313 3.072717 1.496938 1.308697 0.717408 0.343388 -0.303321 -0.524792
1782360643.128525 3.065751 1.500962 1.307144 0.721663 0.338133 -0.298918 -0.524898
1782360643.161856 3.062453 1.499956 1.312295 0.728014 0.330680 -0.294223 -0.523526
1782360643.195051 3.062994 1.507816 1.313352 0.731533 0.326784 -0.290341 -0.523234
1782360643.227702 3.063706 1.521410 1.317204 0.734656 0.323806 -0.286695 -0.522720
1782360643.264498 3.057570 1.524708 1.315239 0.737265 0.319138 -0.281786 -0.524584
1782360643.295455 3.055905 1.535737 1.307435 0.739265 0.315637 -0.278202 -0.525798
1782360643.327733 3.048596 1.541003 1.305324 0.743055 0.311882 -0.273082 -0.525381
1782360643.362473 3.047523 1.548246 1.301109 0.745999 0.309076 -0.269853 -0.524535
1782360643.397745 3.041080 1.554547 1.297808 0.749381 0.306164 -0.266067 -0.523355
1782360643.429159 3.045580 1.573418 1.294751 0.752238 0.305325 -0.264770 -0.520396
1782360643.462422 3.041060 1.579649 1.295846 0.755616 0.303098 -0.260330 -0.519042
1782360643.497475 3.047485 1.592381 1.283759 0.756677 0.301918 -0.257059 -0.519813
1782360643.529023 3.045254 1.602959 1.280213 0.758957 0.300982 -0.252914 -0.519066
1782360643.564101 3.041500 1.611242 1.278377 0.761829 0.299325 -0.249555 -0.517440
1782360643.595678 3.042827 1.622655 1.277443 0.764274 0.297704 -0.246655 -0.516158
1782360643.629017 3.037656 1.630972 1.283062 0.767016 0.294032 -0.243497 -0.515694
1782360643.665727 3.031947 1.638966 1.280877 0.768105 0.288770 -0.241753 -0.517862
1782360643.696860 3.024941 1.641550 1.270949 0.769074 0.283640 -0.238788 -0.520628
1782360643.728765 3.022318 1.645023 1.250607 0.770488 0.280789 -0.235158 -0.521734
1782360643.764046 3.012441 1.652097 1.249656 0.776377 0.279903 -0.228523 -0.516401
1782360643.796309 3.009453 1.661219 1.255949 0.781988 0.279462 -0.223081 -0.510520
1782360643.829790 2.992649 1.670189 1.262348 0.787191 0.273689 -0.218781 -0.507502
1782360643.863760 2.978407 1.674993 1.263474 0.790993 0.267683 -0.214590 -0.506583
1782360643.896986 2.968892 1.680609 1.262461 0.793710 0.262893 -0.211051 -0.506330
1782360643.930592 2.952208 1.684376 1.259683 0.795703 0.257866 -0.205802 -0.507944
1782360643.962530 2.939538 1.686474 1.254124 0.797312 0.253960 -0.199812 -0.509777
1782360643.997505 2.923160 1.687479 1.251671 0.800052 0.249790 -0.193441 -0.510002
1782360644.030406 2.912405 1.695997 1.255787 0.802765 0.245854 -0.189306 -0.509202
1782360644.064030 2.897200 1.702240 1.259747 0.805310 0.238927 -0.184648 -0.510191
1782360644.097101 2.883212 1.700726 1.255193 0.807715 0.230420 -0.180629 -0.511739
1782360644.130648 2.863950 1.704521 1.264645 0.812081 0.221122 -0.176739 -0.510287
1782360644.164135 2.843909 1.708535 1.272760 0.814302 0.211393 -0.173222 -0.512074
1782360644.195423 2.825875 1.711034 1.276104 0.815057 0.201627 -0.170212 -0.515807
1782360644.231248 2.809670 1.706650 1.267379 0.814856 0.193624 -0.166105 -0.520508
1782360644.260989 2.791988 1.708776 1.267812 0.816924 0.187061 -0.161839 -0.521010
1782360644.294381 2.779130 1.709949 1.270217 0.819282 0.182194 -0.158294 -0.520121
1782360644.328775 2.765062 1.711616 1.272161 0.821345 0.177531 -0.153975 -0.519776
1782360644.362061 2.747925 1.711923 1.276598 0.823292 0.171510 -0.149211 -0.520106
1782360644.395530 2.731993 1.715539 1.279487 0.824717 0.165045 -0.145503 -0.520990
1782360644.427699 2.722039 1.718563 1.280611 0.825840 0.158085 -0.143422 -0.521947
1782360644.462247 2.714142 1.722087 1.283077 0.826651 0.152251 -0.141389 -0.522950
1782360644.495227 2.700149 1.724255 1.282008 0.826883 0.146581 -0.137301 -0.525288
1782360644.528623 2.688557 1.727233 1.284252 0.827777 0.141337 -0.134076 -0.526149
1782360644.562479 2.677930 1.733772 1.287801 0.828307 0.138187 -0.131379 -0.526831
1782360644.595140 2.665892 1.738155 1.287755 0.827992 0.135367 -0.129069 -0.528626
1782360644.628834 2.656689 1.742613 1.289273 0.827812 0.133001 -0.127429 -0.529905
1782360644.661771 2.649686 1.747085 1.285207 0.826791 0.131458 -0.127228 -0.531930
1782360644.695662 2.639532 1.753791 1.285605 0.826818 0.130098 -0.126414 -0.532415
1782360644.728820 2.628053 1.758631 1.284703 0.826825 0.129009 -0.125006 -0.533002
1782360644.762216 2.617834 1.764722 1.282386 0.826613 0.128909 -0.123793 -0.533637
1782360644.795456 2.607661 1.772714 1.280934 0.826613 0.129344 -0.123452 -0.533611
1782360644.828837 2.601361 1.781230 1.282105 0.826879 0.131484 -0.123308 -0.532709
1782360644.864867 2.581625 1.799484 1.278155 0.826988 0.131134 -0.125840 -0.532033
1782360644.894922 2.567573 1.809850 1.282896 0.828169 0.130269 -0.125864 -0.530400
1782360644.928603 2.558122 1.821913 1.285130 0.828276 0.130005 -0.128027 -0.529780
1782360644.962318 2.545495 1.832626 1.286900 0.828143 0.129320 -0.130207 -0.529623
1782360644.995521 2.534137 1.844880 1.292201 0.827845 0.128045 -0.132789 -0.529758
1782360645.028699 2.520890 1.854454 1.295473 0.826189 0.127197 -0.135728 -0.531799
1782360645.061709 2.506161 1.860946 1.295494 0.824174 0.127061 -0.138333 -0.534282
1782360645.095534 2.495880 1.871068 1.297498 0.822913 0.129495 -0.141146 -0.534905
1782360645.128520 2.486065 1.880133 1.300476 0.822132 0.132593 -0.142820 -0.534902
1782360645.164553 2.475479 1.892499 1.311162 0.822344 0.135187 -0.143107 -0.533850
1782360645.194380 2.461612 1.901051 1.313269 0.820369 0.136065 -0.143108 -0.536658
1782360645.228601 2.445494 1.905861 1.314609 0.818222 0.137300 -0.143710 -0.539453
1782360645.261893 2.430602 1.908021 1.311911 0.816196 0.140311 -0.146741 -0.540928
1782360645.295095 2.419852 1.910717 1.305933 0.814437 0.146407 -0.151011 -0.540790
1782360645.328790 2.406517 1.918640 1.306580 0.815006 0.153986 -0.152562 -0.537381
1782360645.361047 2.395619 1.928844 1.309848 0.815706 0.159709 -0.152729 -0.534593
1782360645.395507 2.384818 1.936022 1.312056 0.815456 0.162339 -0.153165 -0.534058
1782360645.428792 2.366090 1.940794 1.312316 0.815104 0.162684 -0.152462 -0.534692
1782360645.462118 2.353256 1.946415 1.310796 0.814400 0.163208 -0.152672 -0.535544
1782360645.495503 2.338241 1.947919 1.309490 0.814260 0.164084 -0.150008 -0.536242
1782360645.529061 2.321741 1.951422 1.307661 0.814337 0.165152 -0.149294 -0.535996
1782360645.561673 2.304673 1.958353 1.311000 0.815194 0.166436 -0.148569 -0.534495
1782360645.595325 2.286335 1.962652 1.311707 0.815082 0.166280 -0.147679 -0.534962
1782360645.628597 2.268067 1.966650 1.312164 0.814743 0.165363 -0.146813 -0.535999
1782360645.661743 2.248636 1.970892 1.315871 0.815032 0.162517 -0.146458 -0.536527
1782360645.695305 2.227753 1.971737 1.317307 0.813911 0.159162 -0.145913 -0.539376
1782360645.730966 2.205592 1.972017 1.317235 0.812860 0.157004 -0.144257 -0.542031
1782360645.761882 2.184246 1.969879 1.314974 0.812280 0.155479 -0.143359 -0.543577
1782360645.795295 2.160819 1.968850 1.314587 0.813089 0.153992 -0.143094 -0.542861
1782360645.828772 2.142536 1.971960 1.322688 0.815322 0.153116 -0.143131 -0.539740
1782360645.862085 2.121167 1.973570 1.325708 0.815828 0.153511 -0.142326 -0.539076
1782360645.895613 2.099373 1.972252 1.326872 0.816234 0.153560 -0.140919 -0.538816
1782360645.928668 2.081649 1.972228 1.328194 0.816458 0.154619 -0.141419 -0.538042
1782360645.962087 2.059387 1.973529 1.331807 0.816810 0.156077 -0.141365 -0.537101
1782360645.995302 2.040789 1.972076 1.331899 0.816738 0.156265 -0.141881 -0.537019
1782360646.028966 2.022999 1.973127 1.334078 0.817030 0.156216 -0.142989 -0.536295
1782360646.061976 2.007594 1.973706 1.332984 0.817082 0.155725 -0.143878 -0.536121
1782360646.095242 1.994384 1.973354 1.329654 0.817431 0.155607 -0.144041 -0.535579
1782360646.128685 1.976770 1.975864 1.331069 0.819030 0.156671 -0.141261 -0.533563
1782360646.164863 1.962256 1.980493 1.337657 0.820667 0.158469 -0.139323 -0.531019
1782360646.194946 1.941988 1.983007 1.338362 0.820954 0.160894 -0.136350 -0.530618
1782360646.228789 1.926885 1.984692 1.337014 0.820598 0.163734 -0.136766 -0.530194
1782360646.262012 1.910217 1.989386 1.338954 0.820674 0.165779 -0.138866 -0.528894
1782360646.295486 1.894885 1.993689 1.338500 0.820244 0.167239 -0.142467 -0.528142
1782360646.328755 1.879444 1.999674 1.337061 0.820034 0.168643 -0.145977 -0.527063
1782360646.361988 1.865799 2.006822 1.335079 0.819553 0.170346 -0.148752 -0.526487
1782360646.395623 1.850114 2.015151 1.334434 0.819564 0.170976 -0.150836 -0.525672
1782360646.428861 1.832067 2.021619 1.332910 0.819337 0.171866 -0.152443 -0.525272
1782360646.462487 1.817500 2.031703 1.332589 0.819169 0.173969 -0.155010 -0.524089
1782360646.495254 1.805303 2.042315 1.335474 0.819440 0.173833 -0.158096 -0.522787
1782360646.528944 1.789976 2.053885 1.337115 0.819213 0.173475 -0.159839 -0.522731
1782360646.562396 1.771055 2.065842 1.340396 0.819273 0.170397 -0.161044 -0.523279
1782360646.598443 1.752124 2.076035 1.343291 0.819478 0.166783 -0.160812 -0.524193
1782360646.628516 1.735566 2.085834 1.344534 0.819614 0.163091 -0.161838 -0.524827
1782360646.662688 1.717903 2.094929 1.346658 0.820094 0.161719 -0.162007 -0.524448
1782360646.695784 1.701573 2.107485 1.352518 0.820892 0.161131 -0.161432 -0.523558
1782360646.731760 1.684757 2.119528 1.360664 0.820132 0.158485 -0.161827 -0.525431
1782360646.761663 1.668656 2.126727 1.363808 0.817384 0.155310 -0.163724 -0.530054
1782360646.795503 1.655186 2.132011 1.363367 0.814794 0.155660 -0.165671 -0.533323
1782360646.829247 1.651672 2.143769 1.369000 0.813982 0.159661 -0.168674 -0.532438
1782360646.862217 1.638191 2.151221 1.372486 0.813628 0.162029 -0.167127 -0.532751
1782360646.896136 1.622264 2.158226 1.374879 0.814065 0.163406 -0.162984 -0.532947
1782360646.928756 1.608685 2.164954 1.375710 0.814592 0.162843 -0.158751 -0.533592
1782360646.962637 1.595566 2.172306 1.376307 0.815518 0.158296 -0.156122 -0.534321
1782360646.995826 1.579987 2.177303 1.374215 0.816561 0.153997 -0.152268 -0.535096
1782360647.029097 1.566038 2.185017 1.374054 0.818142 0.150281 -0.148689 -0.534743
1782360647.062462 1.549548 2.190033 1.370700 0.819390 0.146547 -0.143574 -0.535267
1782360647.095808 1.533625 2.196188 1.369610 0.821188 0.142977 -0.138868 -0.534717
1782360647.131757 1.516683 2.201072 1.366773 0.822931 0.139646 -0.133538 -0.534277
1782360647.162156 1.491518 2.205139 1.367546 0.825793 0.133334 -0.126344 -0.533221
1782360647.196028 1.474977 2.209413 1.366032 0.826730 0.127235 -0.123447 -0.533937
1782360647.227706 1.458242 2.216388 1.368906 0.827789 0.120680 -0.121397 -0.534289
1782360647.262748 1.440961 2.220215 1.368806 0.827562 0.112787 -0.119850 -0.536709
1782360647.295834 1.423811 2.223325 1.366470 0.827980 0.105817 -0.118094 -0.537871
1782360647.328853 1.406168 2.226730 1.364282 0.830102 0.099882 -0.116630 -0.536052
1782360647.362719 1.391297 2.233253 1.366830 0.833824 0.096475 -0.113783 -0.531492
1782360647.396897 1.377397 2.240145 1.373070 0.836582 0.091403 -0.109213 -0.529008
1782360647.428995 1.363161 2.245980 1.378352 0.837640 0.084066 -0.105145 -0.529373
1782360647.461893 1.350899 2.247938 1.380372 0.837273 0.076583 -0.104204 -0.531273
1782360647.496076 1.338801 2.252253 1.382083 0.837074 0.070862 -0.102881 -0.532636
1782360647.529076 1.328706 2.257296 1.385810 0.836179 0.065528 -0.098866 -0.535478
1782360647.562591 1.322035 2.264045 1.394753 0.834408 0.057507 -0.097162 -0.539459
1782360647.595895 1.317422 2.267897 1.400373 0.830429 0.051190 -0.096551 -0.546301
1782360647.629554 1.313224 2.267601 1.399343 0.826320 0.046640 -0.094406 -0.553270
1782360647.662194 1.311364 2.270355 1.403620 0.823980 0.042101 -0.090857 -0.557701
1782360647.695908 1.309591 2.271466 1.402870 0.821148 0.037034 -0.086350 -0.562929
1782360647.729151 1.308141 2.270752 1.400793 0.819967 0.032006 -0.081391 -0.565690
1782360647.762516 1.310750 2.275231 1.403255 0.820619 0.026824 -0.076647 -0.565677
1782360647.795596 1.311518 2.279924 1.405807 0.821018 0.020458 -0.069370 -0.566303
1782360647.828948 1.313356 2.281777 1.396179 0.819540 0.010614 -0.062754 -0.569476
1782360647.862370 1.318272 2.285433 1.395701 0.819930 0.003162 -0.055479 -0.569760
1782360647.895710 1.318489 2.288374 1.395686 0.820174 -0.006434 -0.048424 -0.570025
1782360647.928740 1.323304 2.292480 1.395216 0.819921 -0.014361 -0.043464 -0.570643
1782360647.962285 1.329169 2.294173 1.392858 0.819590 -0.021758 -0.039975 -0.571141
1782360647.995504 1.335314 2.297836 1.392768 0.820126 -0.028402 -0.035959 -0.570346
1782360648.028910 1.339425 2.302441 1.394176 0.820910 -0.035482 -0.031290 -0.569094
1782360648.062368 1.345587 2.304955 1.394053 0.821153 -0.042062 -0.027322 -0.568500
1782360648.095565 1.352941 2.307313 1.393423 0.820943 -0.048148 -0.023351 -0.568497
1782360648.128985 1.361930 2.310069 1.393618 0.820373 -0.054495 -0.019851 -0.568880
1782360648.164782 1.378498 2.307310 1.380585 0.817239 -0.060867 -0.020003 -0.572727
1782360648.194911 1.388597 2.311805 1.382872 0.817394 -0.065981 -0.017095 -0.572032
1782360648.228703 1.399366 2.312685 1.383526 0.816968 -0.071438 -0.013218 -0.572089
1782360648.262133 1.413986 2.312393 1.384578 0.816171 -0.077557 -0.009812 -0.572498
1782360648.295441 1.425510 2.315561 1.385775 0.815433 -0.083881 -0.004784 -0.572722
1782360648.329042 1.438884 2.316442 1.388107 0.814861 -0.091015 -0.000701 -0.572466
1782360648.361834 1.450431 2.315370 1.391169 0.814879 -0.097146 0.003738 -0.571420
1782360648.395559 1.460782 2.316951 1.390713 0.814552 -0.103029 0.008982 -0.570797
1782360648.428916 1.473191 2.320192 1.392821 0.814623 -0.108559 0.013921 -0.569570
1782360648.462252 1.490240 2.317561 1.391434 0.813500 -0.113617 0.016999 -0.570106
1782360648.495481 1.517440 2.295132 1.378009 0.810550 -0.116594 0.018887 -0.573635
1782360648.531693 1.532314 2.295080 1.379228 0.809264 -0.123960 0.023138 -0.573751
1782360648.564134 1.543040 2.297273 1.377153 0.807423 -0.131369 0.028737 -0.574443
1782360648.598026 1.553433 2.296011 1.375293 0.806009 -0.137898 0.033307 -0.574652
1782360648.631114 1.562870 2.296314 1.373698 0.805281 -0.143020 0.037664 -0.574151
1782360648.661822 1.573781 2.296079 1.371940 0.804899 -0.147639 0.041507 -0.573251
1782360648.695792 1.586599 2.294586 1.372060 0.805349 -0.151255 0.044789 -0.571427
1782360648.728832 1.597504 2.293903 1.373989 0.805645 -0.155660 0.048108 -0.569554
1782360648.762416 1.608669 2.294986 1.373734 0.805217 -0.159421 0.051613 -0.568811
1782360648.795596 1.615962 2.293880 1.373116 0.804471 -0.164315 0.054406 -0.568214
1782360648.828920 1.655773 2.269564 1.367162 0.804393 -0.161081 0.051302 -0.569537
1782360648.862298 1.667598 2.266734 1.366262 0.803459 -0.164956 0.052530 -0.569634
1782360648.895301 1.677725 2.264851 1.364418 0.802752 -0.168996 0.054702 -0.569243
1782360648.928876 1.688070 2.262990 1.362983 0.802320 -0.173323 0.057819 -0.568241
1782360648.962226 1.698766 2.259676 1.361383 0.801926 -0.176591 0.061708 -0.567383
1782360648.995495 1.706189 2.257615 1.361090 0.801345 -0.179845 0.066723 -0.566613
1782360649.028799 1.715759 2.254875 1.358927 0.800794 -0.182861 0.071520 -0.565840
1782360649.062203 1.727568 2.250444 1.355772 0.801018 -0.185758 0.075105 -0.564113
1782360649.095278 1.736446 2.247308 1.352288 0.801620 -0.188749 0.079814 -0.561613
1782360649.128819 1.744654 2.246213 1.350886 0.802674 -0.193687 0.085007 -0.557650
1782360649.160959 1.799956 2.226914 1.341819 0.804553 -0.190670 0.083794 -0.556164
1782360649.197879 1.804394 2.225354 1.339631 0.805157 -0.197005 0.089234 -0.552222
1782360649.230408 1.811273 2.225553 1.339301 0.805261 -0.203170 0.094415 -0.548965
1782360649.265666 1.815899 2.225452 1.340166 0.804248 -0.210005 0.099824 -0.546917
1782360649.295574 1.822352 2.224277 1.339602 0.802449 -0.217267 0.104966 -0.545759
1782360649.329284 1.825949 2.224192 1.337477 0.800363 -0.224908 0.108742 -0.544986
1782360649.361006 1.834558 2.222152 1.333303 0.799182 -0.230969 0.110086 -0.543913
1782360649.396317 1.839447 2.221808 1.332471 0.798976 -0.238238 0.112056 -0.540669
1782360649.428651 1.845443 2.224624 1.332551 0.798170 -0.245449 0.115431 -0.537917
1782360649.462826 1.852724 2.224714 1.334126 0.797069 -0.250491 0.118569 -0.536541
1782360649.495880 1.863072 2.228193 1.336142 0.794759 -0.258195 0.123096 -0.535294
1782360649.531990 1.866016 2.230215 1.334918 0.791352 -0.265051 0.127943 -0.535855
1782360649.562068 1.869609 2.231037 1.332405 0.788128 -0.271083 0.132558 -0.536467
1782360649.596304 1.874075 2.232516 1.331605 0.785710 -0.275669 0.137089 -0.536538
1782360649.629278 1.876728 2.236105 1.331853 0.783397 -0.281241 0.141734 -0.535821
1782360649.662589 1.879222 2.238666 1.330949 0.781513 -0.286427 0.146369 -0.534577
1782360649.695932 1.886836 2.236318 1.327643 0.779937 -0.290141 0.151100 -0.533559
1782360649.729355 1.889595 2.243717 1.325287 0.777532 -0.296816 0.158724 -0.531179
1782360649.762619 1.893376 2.249559 1.323773 0.775962 -0.302504 0.166070 -0.528010
1782360649.796296 1.897790 2.253372 1.320749 0.774315 -0.307209 0.172784 -0.525552
1782360649.829283 1.882777 2.271544 1.321342 0.772567 -0.311787 0.182640 -0.522084
1782360649.862675 1.894380 2.271884 1.320352 0.770475 -0.315927 0.187419 -0.520992
1782360649.895396 1.898065 2.281938 1.322749 0.767769 -0.320800 0.194260 -0.519501
1782360649.928592 1.904672 2.284660 1.320294 0.763890 -0.325607 0.198850 -0.520491
1782360649.962791 1.914323 2.288545 1.321548 0.760914 -0.329927 0.202549 -0.520704
1782360649.995895 1.919359 2.294774 1.317125 0.756320 -0.334987 0.208492 -0.521819
1782360650.029011 1.919991 2.304084 1.316902 0.752926 -0.341223 0.214389 -0.520295
1782360650.062660 1.927217 2.309402 1.314013 0.749927 -0.346509 0.218168 -0.519562
1782360650.095832 1.937927 2.313846 1.316139 0.748014 -0.351754 0.220637 -0.517749
1782360650.129262 1.944961 2.321625 1.315457 0.745440 -0.358545 0.222660 -0.515934
1782360650.162701 1.940302 2.345604 1.319903 0.742212 -0.368092 0.228922 -0.511101
1782360650.195928 1.952623 2.347313 1.325968 0.740178 -0.374463 0.229955 -0.508955
1782360650.229077 1.958491 2.350088 1.320291 0.734733 -0.381696 0.234218 -0.509526
1782360650.262621 1.966048 2.351235 1.318600 0.730154 -0.389100 0.238714 -0.508422
1782360650.295046 1.970413 2.357095 1.313937 0.724736 -0.398142 0.244420 -0.506458
1782360650.329500 1.976490 2.362034 1.310736 0.720450 -0.406443 0.249341 -0.503572
1782360650.360962 1.983400 2.362396 1.310362 0.716245 -0.414803 0.254023 -0.500403
1782360650.396785 1.983965 2.365671 1.302393 0.711420 -0.421648 0.261527 -0.497693
1782360650.429610 1.986956 2.365954 1.299593 0.708204 -0.428028 0.267401 -0.493696
1782360650.461021 1.983808 2.368020 1.287920 0.704617 -0.433737 0.273727 -0.490367
1782360650.496720 1.980564 2.412731 1.290423 0.700557 -0.446698 0.280891 -0.480397
1782360650.529572 1.980497 2.416842 1.282526 0.699727 -0.451524 0.283633 -0.475458
1782360650.562504 1.986141 2.417151 1.279050 0.700460 -0.455631 0.284790 -0.469735
1782360650.595262 1.987482 2.417618 1.276708 0.701657 -0.459517 0.286027 -0.463368
1782360650.629985 1.989844 2.419731 1.272532 0.701690 -0.463874 0.287404 -0.458096
1782360650.661720 1.994629 2.421619 1.272627 0.701546 -0.468671 0.287071 -0.453620
1782360650.695281 1.997993 2.419040 1.267551 0.700323 -0.472396 0.286585 -0.451950
1782360650.728367 2.000799 2.420005 1.262784 0.698876 -0.476946 0.286087 -0.449722
1782360650.761029 2.002532 2.423387 1.258723 0.697812 -0.481981 0.285244 -0.446529
1782360650.795677 2.006004 2.423087 1.254796 0.697691 -0.485883 0.284008 -0.443265
1782360650.828778 2.009706 2.430164 1.253953 0.698822 -0.488728 0.283767 -0.438486
1782360650.862279 2.013991 2.428789 1.251252 0.699709 -0.490927 0.283316 -0.434891
1782360650.895222 2.019047 2.431943 1.251221 0.700042 -0.494139 0.283355 -0.430671
1782360650.928770 2.024775 2.429195 1.249245 0.700594 -0.496131 0.283087 -0.427649
1782360650.961918 2.028802 2.432507 1.249470 0.700155 -0.499544 0.283807 -0.423901
1782360650.995678 2.036692 2.431243 1.252670 0.699747 -0.502046 0.283611 -0.421745
1782360651.028664 2.039240 2.428977 1.252928 0.698963 -0.503241 0.284351 -0.421121
1782360651.062061 2.043988 2.427449 1.256156 0.698440 -0.504334 0.284110 -0.420846
1782360651.095009 2.049167 2.424402 1.258747 0.697903 -0.504240 0.284395 -0.421655
1782360651.128325 2.055917 2.424878 1.264157 0.697023 -0.504487 0.284592 -0.422681
1782360651.162584 2.059943 2.422397 1.269850 0.695895 -0.505077 0.283881 -0.424310
1782360651.195526 2.065372 2.420196 1.276056 0.695273 -0.503969 0.284237 -0.426404
1782360651.228995 2.071318 2.418172 1.281641 0.694020 -0.502150 0.284479 -0.430409
1782360651.262057 2.076766 2.415480 1.287950 0.692664 -0.499581 0.285234 -0.435060
1782360651.294461 2.081249 2.409537 1.291343 0.691530 -0.495753 0.286184 -0.440583
1782360651.327752 2.083664 2.403385 1.294316 0.691147 -0.491343 0.286611 -0.445816
1782360651.361037 2.088156 2.403757 1.295275 0.690450 -0.487990 0.287057 -0.450270
1782360651.394807 2.090761 2.393433 1.292664 0.691626 -0.482089 0.286875 -0.454914
1782360651.429522 2.093966 2.388065 1.294122 0.693105 -0.478913 0.285982 -0.456575
1782360651.461091 2.101747 2.384021 1.297246 0.694650 -0.476827 0.284894 -0.457092
1782360651.494461 2.107215 2.373600 1.297801 0.695702 -0.473604 0.283630 -0.459621
1782360651.527723 2.111804 2.370459 1.298215 0.695533 -0.471741 0.283716 -0.461736
1782360651.561441 2.119071 2.363072 1.303201 0.695977 -0.470144 0.281682 -0.463934
1782360651.595287 2.125375 2.357796 1.306853 0.696126 -0.468337 0.280153 -0.466459
1782360651.628301 2.132032 2.352441 1.310083 0.696379 -0.466037 0.278842 -0.469161
1782360651.661061 2.137830 2.348549 1.313501 0.696261 -0.463892 0.278080 -0.471908
1782360651.694338 2.141702 2.344073 1.314020 0.696612 -0.460572 0.277482 -0.474982
1782360651.727635 2.148458 2.337688 1.315760 0.697572 -0.457116 0.275671 -0.477959
1782360651.760969 2.154475 2.333086 1.322037 0.698508 -0.454350 0.273451 -0.480497
1782360651.794305 2.159720 2.332302 1.327338 0.697883 -0.452105 0.271915 -0.484379
1782360651.827710 2.167220 2.307101 1.326292 0.696981 -0.446798 0.266642 -0.493448
1782360651.861083 2.173012 2.301512 1.328736 0.695016 -0.442912 0.265853 -0.500104
1782360651.895619 2.177999 2.296746 1.331816 0.693193 -0.438833 0.265697 -0.506274
1782360651.927631 2.178288 2.292885 1.327561 0.691530 -0.433779 0.266217 -0.512592
1782360651.961033 2.181772 2.290064 1.325789 0.692372 -0.429047 0.265307 -0.515899
1782360651.995683 2.182981 2.286772 1.322491 0.694923 -0.424369 0.263567 -0.517229
1782360652.028765 2.183911 2.283388 1.317191 0.698303 -0.420167 0.261658 -0.517077
1782360652.062057 2.190506 2.280699 1.320205 0.701930 -0.418482 0.258044 -0.515345
1782360652.095564 2.195738 2.279058 1.325989 0.703930 -0.417472 0.255303 -0.514800
1782360652.128791 2.200374 2.275659 1.329506 0.704710 -0.415301 0.253472 -0.516392
1782360652.162354 2.198547 2.257748 1.320536 0.704859 -0.409385 0.252114 -0.521552
1782360652.195044 2.201400 2.256265 1.321939 0.705622 -0.406624 0.252220 -0.522627
1782360652.228795 2.201758 2.256325 1.321862 0.706500 -0.403390 0.253066 -0.523538
1782360652.261847 2.205612 2.256582 1.323865 0.707575 -0.401525 0.252548 -0.523770
1782360652.295545 2.207969 2.252931 1.323730 0.708735 -0.399328 0.251290 -0.524486
1782360652.328853 2.207033 2.255675 1.320779 0.709102 -0.398663 0.250958 -0.524654
1782360652.364058 2.208172 2.254945 1.322466 0.710366 -0.398244 0.248054 -0.524644
1782360652.395360 2.208694 2.256307 1.322227 0.710929 -0.397543 0.244954 -0.525868
1782360652.428903 2.205958 2.258463 1.315844 0.711303 -0.396745 0.242231 -0.527225
